 1.00000000e+00 3.33333250e-01 1.99999833e-01 1.42856893e-01 1.11110778e-01 9.09086742e-02 7.69225769e-02 6.66660833e-02 5.88228627e-02 5.26308290e-02 4.76182143e-02 4.34773442e-02 3.99990000e-02 3.70359537e-02 3.44815920e-02 3.22568145e-02 3.03016970e-02
 9.67643320e-01 3.14029405e-01 1.86254862e-01 1.32187811e-01 1.02393653e-01 8.35401585e-02 7.05415059e-02 6.10391927e-02 5.37907883e-02 4.80798792e-02 4.34644432e-02 3.96570090e-02 3.64625604e-02 3.37441451e-02 3.14027678e-02 2.93650955e-02 2.75756499e-02
 9.37150042e-01 2.96048135e-01 1.73534414e-01 1.22354639e-01 9.43823917e-02 7.67824355e-02 6.46987051e-02 5.58934314e-02 4.91936623e-02 4.39257809e-02 3.96755596e-02 3.61743600e-02 3.32403783e-02 3.07462042e-02 2.85999051e-02 2.67334876e-02 2.50955851e-02
 9.08392896e-01 2.79291051e-01 1.61758330e-01 1.13289758e-01 8.70185274e-02 7.05840130e-02 5.93481717e-02 5.11872295e-02 4.49935689e-02 4.01336824e-02 3.62193181e-02 3.29993958e-02 3.03044044e-02 2.80157952e-02 2.60481846e-02 2.43385232e-02 2.28392465e-02
 8.81254057e-01 2.63667453e-01 1.50852926e-01 1.04931144e-01 8.02485200e-02 6.48977973e-02 5.44478758e-02 4.68826395e-02 4.11559213e-02 3.66718115e-02 3.30663377e-02 3.01047925e-02 2.76291028e-02 2.55289508e-02 2.37250260e-02 2.21588574e-02 2.07863970e-02
 8.55624417e-01 2.49093707e-01 1.40750461e-01 9.72218981e-02 7.40233343e-02 5.96807137e-02 4.99594148e-02 4.29450185e-02 3.76491674e-02 3.35112012e-02 3.01898462e-02 2.74656635e-02 2.51912247e-02 2.32638581e-02 2.16098856e-02 2.01750761e-02 1.89186342e-02
 8.31402899e-01 2.35492678e-01 1.31388646e-01 9.01098175e-02 6.82980566e-02 5.48933596e-02 4.58476972e-02 3.93427385e-02 3.44445220e-02 3.06254415e-02 2.75654471e-02 2.50593411e-02 2.29696032e-02 2.12006647e-02 1.96840717e-02 1.83695205e-02 1.72192242e-02
 8.08495836e-01 2.22793204e-01 1.22710193e-01 8.35469984e-02 6.30315430e-02 5.04996882e-02 4.20806545e-02 3.60469218e-02 3.15157225e-02 2.79904520e-02 2.51709080e-02 2.28651786e-02 2.09449659e-02 1.93213015e-02 1.79305776e-02 1.67261282e-02 1.56729498e-02
 7.86816400e-01 2.10929621e-01 1.14662407e-01 7.74894767e-02 5.81860987e-02 4.64667193e-02 3.86289788e-02 3.30312003e-02 2.88388066e-02 2.55842753e-02 2.29859681e-02 2.08643685e-02 1.90997651e-02 1.76093225e-02 1.63339291e-02 1.52302887e-02 1.42659728e-02
 7.66284074e-01 1.99841321e-01 1.07196803e-01 7.18968976e-02 5.37271845e-02 4.27642756e-02 3.54658829e-02 3.02714953e-02 2.63919097e-02 2.33868891e-02 2.09921620e-02 1.90397785e-02 1.74180224e-02 1.60497582e-02 1.48800458e-02 1.38687112e-02 1.29857086e-02
 7.46824163e-01 1.89472346e-01 1.00268767e-01 6.67322135e-02 4.96231492e-02 3.93647419e-02 3.25668810e-02 2.77458180e-02 2.41550795e-02 2.13800344e-02 1.91726602e-02 1.73758018e-02 1.58851885e-02 1.46289828e-02 1.35561157e-02 1.26293058e-02 1.18207124e-02
 7.28367354e-01 1.79771021e-01 9.38372345e-02 6.19614081e-02 4.58449840e-02 3.62428445e-02 2.99095897e-02 2.54340859e-02 2.21101084e-02 1.95470597e-02 1.75121232e-02 1.58582202e-02 1.44880142e-02 1.33345931e-02 1.23504800e-02 1.15010744e-02 1.07605760e-02
 7.10849299e-01 1.70689612e-01 8.78644007e-02 5.75532431e-02 4.23660990e-02 3.33754510e-02 2.74735454e-02 2.33179565e-02 2.02403793e-02 1.78727784e-02 1.59965694e-02 1.44740803e-02 1.32144345e-02 1.21552984e-02 1.12525295e-02 1.04740118e-02 9.79583326e-03
 6.94210242e-01 1.62184014e-01 8.23154569e-02 5.34790271e-02 3.91621181e-02 3.07413860e-02 2.52400384e-02 2.13806756e-02 1.85307260e-02 1.63433391e-02 1.46132536e-02 1.32115808e-02 1.20534617e-02 1.10808205e-02 1.02526096e-02 9.53901583e-03 8.91787500e-03
 6.78394665e-01 1.54213463e-01 7.71583446e-02 4.97124031e-02 3.62106922e-02 2.83212640e-02 2.31919603e-02 1.96069382e-02 1.69673058e-02 1.49461081e-02 1.33505580e-02 1.20599690e-02 1.09950893e-02 1.01018025e-02 9.34193427e-03 8.68780578e-03 8.11887100e-03
 6.63350974e-01 1.46740271e-01 7.23635326e-02 4.62291551e-02 3.34913272e-02 2.60973359e-02 2.13136667e-02 1.79827625e-02 1.55374827e-02 1.36695609e-02 1.21978911e-02 1.10094476e-02 1.00302040e-02 9.20972616e-03 8.51250747e-03 7.91284793e-03 7.39169948e-03
 6.49031197e-01 1.39729589e-01 6.79038114e-02 4.30070305e-02 3.09852284e-02 2.40533495e-02 1.95908495e-02 1.64953741e-02 1.42297222e-02 1.25031850e-02 1.11455973e-02 1.00510895e-02 9.15050531e-03 8.39683606e-03 7.75705211e-03 7.20728804e-03 6.72988277e-03
 6.35390716e-01 1.33149177e-01 6.37541059e-02 4.00255768e-02 2.86751568e-02 2.21744209e-02 1.80104224e-02 1.51331013e-02 1.30334940e-02 1.14373900e-02 1.01848731e-02 9.17675974e-03 8.34843327e-03 7.65607146e-03 7.06894510e-03 6.56488987e-03 6.12752895e-03
 6.22388016e-01 1.26969206e-01 5.98913021e-02 3.72659935e-02 2.65452980e-02 2.04469188e-02 1.65604152e-02 1.38852789e-02 1.19391840e-02 1.04634264e-02 9.30769219e-03 8.37904546e-03 7.61710177e-03 6.98100363e-03 6.44215844e-03 5.97997933e-03 5.57927876e-03
 6.09984450e-01 1.21162066e-01 5.62940893e-02 3.47109951e-02 2.45811428e-02 1.88583566e-02 1.52298775e-02 1.27421607e-02 1.09380145e-02 9.57331149e-03 8.50673601e-03 7.65119107e-03 6.95023835e-03 6.36577919e-03 5.87120559e-03 5.44739365e-03 5.08025730e-03
 5.98144029e-01 1.15702192e-01 5.29428148e-02 3.23446865e-02 2.27693777e-02 1.73972959e-02 1.40087907e-02 1.16948393e-02 1.00219703e-02 8.75976151e-03 7.77533115e-03 6.98703988e-03 6.34212934e-03 5.80506835e-03 5.35109261e-03 4.96243517e-03 4.62603014e-03
 5.86833227e-01 1.10565911e-01 4.98193509e-02 3.01524483e-02 2.10977839e-02 1.60532565e-02 1.28879885e-02 1.07351738e-02 9.18373222e-03 8.01613033e-03 7.10739218e-03 6.38098073e-03 5.78756981e-03 5.29401798e-03 4.87727389e-03 4.52082935e-03 4.21256346e-03
 5.76020794e-01 1.05731287e-01 4.69069723e-02 2.81208321e-02 1.95551466e-02 1.48166357e-02 1.18590829e-02 9.85572274e-03 8.41661634e-03 7.33635307e-03 6.49736957e-03 5.82789945e-03 5.28181814e-03 4.82820877e-03 4.44561170e-03 4.11868649e-03 3.83618771e-03
 5.65677593e-01 1.01177996e-01 4.41902440e-02 2.62374645e-02 1.81311703e-02 1.36786333e-02 1.09143975e-02 9.04968382e-03 7.71451817e-03 6.71489506e-03 5.94020220e-03 5.32313460e-03 4.82055456e-03 4.40361635e-03 4.05233950e-03 3.75246705e-03 3.49356468e-03
 5.55776446e-01 9.68871929e-02 4.16549183e-02 2.44909587e-02 1.68164023e-02 1.26311837e-02 1.00469069e-02 8.31083823e-03 7.07186221e-03 6.14670511e-03 5.43127416e-03 4.86243718e-03 4.39984350e-03 4.01657584e-03 3.69402853e-03 3.41894999e-03 3.18165747e-03
 5.46291989e-01 9.28414049e-02 3.92878405e-02 2.28708339e-02 1.56021623e-02 1.16668937e-02 9.25018019e-03 7.63350022e-03 6.48355567e-03 5.62717300e-03 4.96637534e-03 4.44193402e-03 4.01609925e-03 3.66374962e-03 3.36755742e-03 3.11520406e-03 2.89770325e-03
 5.37200540e-01 8.90244225e-02 3.70768613e-02 2.13674417e-02 1.44804781e-02 1.07789857e-02 8.51833041e-03 7.01247097e-03 5.94494636e-03 5.15209078e-03 4.54166558e-03 4.05809433e-03 3.66605473e-03 3.34209803e-03 3.07008453e-03 2.83856162e-03 2.63918842e-03
 5.28479980e-01 8.54212044e-02 3.50107580e-02 1.99718979e-02 1.34440268e-02 9.96124525e-03 7.84596795e-03 6.44299645e-03 5.45178426e-03 4.71761736e-03 4.15364197e-03 3.70769928e-03 3.34673305e-03 3.04885260e-03 2.79902282e-03 2.58659486e-03 2.40382612e-03
 5.20109640e-01 8.20177883e-02 3.30791603e-02 1.86760201e-02 1.24860806e-02 9.20797413e-03 7.22815796e-03 5.92072901e-03 5.00018648e-03 4.32024634e-03 3.79910901e-03 3.38781431e-03 3.05542163e-03 2.78149184e-03 2.55201691e-03 2.35709421e-03 2.18953566e-03
 5.12070196e-01 7.88012091e-02 3.12724836e-02 1.74722715e-02 1.16004577e-02 8.51394630e-03 6.66038150e-03 5.44169228e-03 4.58660525e-03 3.95677665e-03 3.47515155e-03 3.09576391e-03 2.78964864e-03 2.53771905e-03 2.32692234e-03 2.14804862e-03 1.99442393e-03
 5.04343573e-01 7.57594236e-02 2.95818671e-02 1.63537077e-02 1.07814768e-02 7.87436838e-03 6.13850006e-03 5.00224911e-03 4.20779880e-03 3.62428576e-03 3.17910997e-03 2.82910861e-03 2.54716150e-03 2.31544227e-03 2.12178655e-03 1.95762772e-03 1.81676844e-03
 4.96912858e-01 7.28812408e-02 2.79991165e-02 1.53139293e-02 1.00239160e-02 7.28484316e-03 5.65872311e-03 4.59907239e-03 3.86080468e-03 3.32010525e-03 2.90855769e-03 2.58562405e-03 2.32590736e-03 2.11275589e-03 1.93483167e-03 1.78416546e-03 1.65500186e-03
 4.89762219e-01 7.01562581e-02 2.65166522e-02 1.43470376e-02 9.32297458e-03 6.74133634e-03 5.21757845e-03 4.22911827e-03 3.54291552e-03 3.04179860e-03 2.66128061e-03 2.36328192e-03 2.12401534e-03 1.92792403e-03 1.76443887e-03 1.62614540e-03 1.50769806e-03
 4.82876823e-01 6.75748019e-02 2.51274611e-02 1.34475946e-02 8.67423850e-03 6.24014605e-03 4.81188513e-03 3.88960184e-03 3.25165688e-03 2.78714083e-03 2.43525839e-03 2.16023258e-03 1.93978027e-03 1.75936533e-03 1.60913401e-03 1.48218715e-03 1.37355929e-03
 4.76242775e-01 6.51278736e-02 2.38250526e-02 1.26105854e-02 8.07364837e-03 5.77787502e-03 4.43872868e-03 3.57797482e-03 2.98476699e-03 2.55410006e-03 2.22864739e-03 1.97478925e-03 1.77164800e-03 1.60563917e-03 1.46757472e-03 1.35103419e-03 1.25140464e-03
 4.69847044e-01 6.28070994e-02 2.26034175e-02 1.18313848e-02 7.51747041e-03 5.35140502e-03 4.09543847e-03 3.29190526e-03 2.74017834e-03 2.34082056e-03 2.03976510e-03 1.80541358e-03 1.61820190e-03 1.46543307e-03 1.33853857e-03 1.23154268e-03 1.14015949e-03
 4.63677410e-01 6.06046836e-02 2.14569912e-02 1.11057257e-02 7.00226967e-03 4.95787359e-03 3.77956705e-03 3.02925896e-03 2.51600083e-03 2.14560741e-03 1.86707599e-03 1.65070250e-03 1.47815069e-03 1.33755124e-03 1.22091228e-03 1.12267133e-03 1.03884587e-03
 4.57722405e-01 5.85133664e-02 2.03806192e-02 1.04296706e-02 6.52488558e-03 4.59465263e-03 3.48887120e-03 2.78808249e-03 2.31050640e-03 1.96691244e-03 1.70917856e-03 1.50937630e-03 1.35031727e-03 1.22090418e-03 1.11368199e-03 1.02347220e-03 9.46573793e-04
 4.51971260e-01 5.65263842e-02 1.93695251e-02 9.79958529e-03 6.08240946e-03 4.25932890e-03 3.22129466e-03 2.56658773e-03 2.12211501e-03 1.80332141e-03 1.56479359e-03 1.38026767e-03 1.23362855e-03 1.11449918e-03 1.01592429e-03 9.33082270e-04 8.62533279e-04
 4.46413860e-01 5.46374334e-02 1.84192819e-02 9.21211462e-03 5.67216397e-03 3.94968607e-03 2.97495232e-03 2.36313769e-03 1.94938184e-03 1.65354235e-03 1.43275337e-03 1.26231180e-03 1.12710627e-03 1.01743169e-03 9.26798163e-04 8.50715809e-04 7.85987163e-04
 4.41040701e-01 5.28406366e-02 1.75257852e-02 8.66416052e-03 5.29168426e-03 3.66368840e-03 2.74811573e-03 2.17623359e-03 1.79098560e-03 1.51639488e-03 1.31199194e-03 1.15453735e-03 1.02985852e-03 9.28877439e-04 8.45537594e-04 7.75657455e-04 7.16264521e-04
 4.35842844e-01 5.11305120e-02 1.66852282e-02 8.15286143e-03 4.93870063e-03 3.39946571e-03 2.53919994e-03 2.00450306e-03 1.64571786e-03 1.39080053e-03 1.20153615e-03 1.05605813e-03 9.41072119e-04 8.48085310e-04 7.71444845e-04 7.07255872e-04 6.52754698e-04
 4.30811881e-01 4.95019443e-02 1.58940794e-02 7.67557372e-03 4.61112271e-03 3.15529964e-03 2.34675135e-03 1.84668935e-03 1.51247333e-03 1.27577383e-03 1.10049750e-03 9.66065667e-04 8.60005606e-04 7.74370791e-04 7.03884354e-04 6.44918004e-04 5.94901883e-04
 4.25939897e-01 4.79501587e-02 1.51490614e-02 7.22985439e-03 4.30702492e-03 2.92961110e-03 2.16943665e-03 1.70164142e-03 1.39024095e-03 1.17041424e-03 1.00806478e-03 8.83822285e-04 7.85982896e-04 7.07110053e-04 6.42277174e-04 5.88103843e-04 5.42200162e-04
 4.21219439e-01 4.64706960e-02 1.44471317e-02 6.81344536e-03 4.02463309e-03 2.72094873e-03 2.00603278e-03 1.56830501e-03 1.27809576e-03 1.07389877e-03 9.23497246e-04 8.08654905e-04 7.18387477e-04 6.45734545e-04 5.86095902e-04 5.36321665e-04 4.94189029e-04
 4.16643486e-01 4.50593905e-02 1.37854651e-02 6.42425888e-03 3.76231223e-03 2.52797836e-03 1.85541755e-03 1.44571432e-03 1.17519153e-03 9.85475233e-04 8.46118469e-04 7.39949342e-04 6.56657137e-04 5.89726072e-04 5.34860078e-04 4.89123699e-04 4.50449293e-04
 4.12205419e-01 4.37123486e-02 1.31614371e-02 6.06036424e-03 3.51855535e-03 2.34947334e-03 1.71656130e-03 1.33298455e-03 1.08075396e-03 9.04456103e-04 7.75310721e-04 6.77145116e-04 6.00279152e-04 5.38612314e-04 4.88131988e-04 4.46102184e-04 4.10599365e-04
 4.07898996e-01 4.24259299e-02 1.25726089e-02 5.71997544e-03 3.29197308e-03 2.18430572e-03 1.58851904e-03 1.22930499e-03 9.94074507e-04 8.30212915e-04 7.10509834e-04 6.19730732e-04 5.48785910e-04 4.91962749e-04 4.45512841e-04 4.06885779e-04 3.74291868e-04
 4.03718326e-01 4.11967292e-02 1.20167137e-02 5.40143995e-03 3.08128430e-03 2.03143806e-03 1.47042346e-03 1.13393272e-03 9.14504722e-04 7.62171134e-04 6.51200519e-04 5.67239367e-04 5.01750916e-04 4.49384929e-04 4.06639301e-04 3.71136302e-04 3.41210565e-04
 3.99657849e-01 4.00215598e-02 1.14916436e-02 5.10322829e-03 2.88530737e-03 1.88991608e-03 1.36147835e-03 1.04618689e-03 8.41451125e-04 6.99805493e-04 5.96912104e-04 5.19244946e-04 4.58785160e-04 4.10521103e-04 3.71180314e-04 3.38545752e-04 3.11067554e-04
 3.95712312e-01 3.88974385e-02 1.09954379e-02 4.82392451e-03 2.70295223e-03 1.75886181e-03 1.26095272e-03 9.65443449e-04 7.74370474e-04 6.42635723e-04 5.47214633e-04 4.75358557e-04 4.19533799e-04 3.75045132e-04 3.38834231e-04 3.08833611e-04 2.83600724e-04
 3.91876753e-01 3.78215711e-02 1.05262722e-02 4.56221740e-03 2.53321308e-03 1.63746732e-03 1.16817537e-03 8.91130324e-04 7.12765465e-04 5.90222665e-04 5.01715326e-04 4.35225194e-04 3.83673145e-04 3.42659682e-04 3.09326187e-04 2.81744379e-04 2.58571435e-04
 3.88146477e-01 3.67913395e-02 1.00824484e-02 4.31689238e-03 2.37516163e-03 1.52498906e-03 1.08252985e-03 8.22723054e-04 6.56180808e-04 5.42164715e-04 4.60055328e-04 3.98520776e-04 3.50907908e-04 3.13093667e-04 2.82405706e-04 2.57045337e-04 2.35762408e-04
 3.84517046e-01 3.58042895e-02 9.66238526e-03 4.08682412e-03 2.22794094e-03 1.42074255e-03 1.00344997e-03 7.59740752e-04 6.04199630e-04 4.98094583e-04 4.21906763e-04 3.64949438e-04 3.20968693e-04 2.86099920e-04 2.57844533e-04 2.34524503e-04 2.14975811e-04
 3.80984257e-01 3.48581196e-02 9.26460988e-03 3.87096961e-03 2.09075979e-03 1.32409760e-03 9.30415604e-04 7.01742438e-04 5.56440194e-04 4.57676330e-04 3.86970034e-04 3.34241053e-04 2.93609716e-04 2.61453071e-04 2.35434654e-04 2.13988783e-04 1.96031505e-04
 3.77544131e-01 3.39506704e-02 8.88774985e-03 3.66836193e-03 1.96288743e-03 1.23447388e-03 8.62948866e-04 6.48323674e-04 5.12552907e-04 4.20602667e-04 3.54971366e-04 3.06148984e-04 2.68606719e-04 2.38947617e-04 2.14986487e-04 1.95262276e-04 1.78765463e-04
 3.74192900e-01 3.30799152e-02 8.53052590e-03 3.47810439e-03 1.84364883e-03 1.15133691e-03 8.00610617e-04 5.99113489e-04 4.72217571e-04 3.86592485e-04 3.25660556e-04 2.80448018e-04 2.45755078e-04 2.18396160e-04 1.96327248e-04 1.78184742e-04 1.63028320e-04
 3.70926989e-01 3.22439506e-02 8.19174510e-03 3.29936522e-03 1.73242028e-03 1.07419430e-03 7.42997258e-04 5.53771565e-04 4.35140890e-04 3.55388605e-04 2.98808934e-04 2.56932498e-04 2.24868067e-04 1.99627802e-04 1.79299453e-04 1.62610196e-04 1.48684060e-04
 3.67743010e-01 3.14409886e-02 7.87029470e-03 3.13137260e-03 1.62862532e-03 1.00259236e-03 6.89737798e-04 5.11985670e-04 4.01054173e-04 3.26755713e-04 2.74207487e-04 2.35414613e-04 2.05775291e-04 1.82486687e-04 1.63759556e-04 1.48405642e-04 1.35608815e-04
 3.64637747e-01 3.06693487e-02 7.56513630e-03 2.97341017e-03 1.53173109e-03 9.36113009e-04 6.40491166e-04 4.73469294e-04 3.69711246e-04 3.00478488e-04 2.51665158e-04 2.15722831e-04 1.88321241e-04 1.66830668e-04 1.49576710e-04 1.35449904e-04 1.23689780e-04
 3.61608149e-01 2.99274506e-02 7.27530054e-03 2.82481282e-03 1.44124485e-03 8.74370852e-04 5.94943744e-04 4.37959501e-04 3.40886540e-04 2.76359883e-04 2.31007288e-04 1.97700485e-04 1.72363989e-04 1.52530097e-04 1.36631639e-04 1.23632580e-04 1.12824221e-04
 3.58651315e-01 2.92138080e-02 6.99988220e-03 2.68496283e-03 1.35671089e-03 8.17010593e-04 5.52807113e-04 4.05214955e-04 3.14373344e-04 2.54219553e-04 2.12074197e-04 1.81204471e-04 1.57773993e-04 1.39466717e-04 1.24815610e-04 1.12853073e-04 1.02918567e-04
 3.55764492e-01 2.85270219e-02 6.73803557e-03 2.55328632e-03 1.27770762e-03 7.63704603e-04 5.13815983e-04 3.75014115e-04 2.89982205e-04 2.33892431e-04 1.94719886e-04 1.66104064e-04 1.44433012e-04 1.27532655e-04 1.14029495e-04 1.03019719e-04 9.38875992e-05
 3.52945060e-01 2.78657749e-02 6.48897031e-03 2.42924999e-03 1.20384492e-03 7.14150704e-04 4.77726298e-04 3.47153583e-04 2.67539468e-04 2.15227413e-04 1.78810856e-04 1.52279843e-04 1.32233108e-04 1.16629509e-04 1.04182920e-04 9.40489917e-05 8.56536931e-05
 3.50190527e-01 2.72288264e-02 6.25194747e-03 2.31235805e-03 1.13476172e-03 6.68070134e-04 4.44313498e-04 3.21446595e-04 2.46885943e-04 1.98086165e-04 1.64225025e-04 1.39622701e-04 1.21075747e-04 1.06667507e-04 9.51934869e-05 8.58647752e-05 7.81461452e-05
 3.47498523e-01 2.66150071e-02 6.02627595e-03 2.20214950e-03 1.07012371e-03 6.25205681e-04 4.13370927e-04 2.97721633e-04 2.27875677e-04 1.82342033e-04 1.50850745e-04 1.28032949e-04 1.10870973e-04 9.75647515e-05 8.69860668e-05 7.83977039e-05 7.13005513e-05
 3.44866791e-01 2.60232145e-02 5.81130912e-03 2.09819548e-03 1.00962131e-03 5.85319965e-04 3.84708370e-04 2.75821158e-04 2.10374842e-04 1.67879044e-04 1.38585901e-04 1.17419499e-04 1.01536653e-04 8.92465172e-05 7.94921547e-05 7.15845612e-05 6.50582435e-05
 3.42293181e-01 2.54524087e-02 5.60644170e-03 2.00009696e-03 9.52967753e-04 5.48193859e-04 3.58150716e-04 2.55600452e-04 1.94260713e-04 1.54590994e-04 1.27337085e-04 1.07699110e-04 9.29977980e-05 8.16446253e-05 7.26492831e-05 6.53677324e-05 5.93657770e-05
 3.39775643e-01 2.49016084e-02 5.41110695e-03 1.90748251e-03 8.99897317e-04 5.13625047e-04 3.33536731e-04 2.36926554e-04 1.79420730e-04 1.42380616e-04 1.17018853e-04 9.87957129e-05 8.51859301e-05 7.46968636e-05 6.64004867e-05 5.96947055e-05 5.41744635e-05
 3.37312223e-01 2.43698873e-02 5.22477395e-03 1.82000629e-03 8.50163744e-04 4.81426687e-04 3.10717928e-04 2.19677286e-04 1.65751645e-04 1.31158817e-04 1.07553033e-04 9.06397817e-05 7.80385188e-05 6.83464622e-05 6.06938154e-05 5.45176175e-05 4.94399461e-05
 3.34901059e-01 2.38563702e-02 5.04694518e-03 1.73734616e-03 8.03538732e-04 4.51426193e-04 2.89557539e-04 2.03740361e-04 1.53158742e-04 1.20843986e-04 9.88681051e-05 8.31677696e-05 7.14984576e-05 6.25416136e-05 5.54818904e-05 4.97928408e-05 4.51218122e-05
 3.32540370e-01 2.33602303e-02 4.87715421e-03 1.65920200e-03 7.59810572e-04 4.23464110e-04 2.69929561e-04 1.89012569e-04 1.41555115e-04 1.11361354e-04 9.08986240e-05 7.63215887e-05 6.55135915e-05 5.72350372e-05 5.07214997e-05 4.54806066e-05 4.11832416e-05
 3.30228460e-01 2.28806860e-02 4.71496360e-03 1.58529405e-03 7.18782887e-04 3.97393080e-04 2.51717892e-04 1.75399027e-04 1.30861021e-04 1.02642415e-04 8.35847015e-05 7.00481373e-05 6.00362837e-05 5.23835802e-05 4.63732297e-05 4.15446620e-05 3.75906857e-05
 3.27963704e-01 2.24169980e-02 4.55996291e-03 1.51536149e-03 6.80273472e-04 3.73076897e-04 2.34815530e-04 1.62812494e-04 1.21003274e-04 9.46243942e-05 7.68715284e-05 6.42988679e-05 5.50230216e-05 4.79478557e-05 4.24011292e-05 3.79519577e-05 3.43135753e-05
 3.25744555e-01 2.19684666e-02 4.41176691e-03 1.44916106e-03 6.44113221e-04 3.50389627e-04 2.19123841e-04 1.51172740e-04 1.11914701e-04 8.72497615e-05 7.07089389e-05 5.90293935e-05 5.04340567e-05 4.38919117e-05 3.87724041e-05 3.46723633e-05 3.13240554e-05
 3.23569528e-01 2.15344299e-02 4.27001387e-03 1.38646579e-03 6.10145141e-04 3.29214812e-04 2.04551889e-04 1.40405975e-04 1.03533638e-04 8.04657886e-05 6.50510133e-05 5.41991272e-05 4.62330770e-05 4.01829292e-05 3.54571379e-05 3.16784088e-05 2.85967429e-05
 3.21437207e-01 2.11142605e-02 4.13436399e-03 1.32706383e-03 5.78223444e-04 3.09444727e-04 1.91015815e-04 1.30444321e-04 9.58034703e-05 7.42241419e-05 5.98557139e-05 4.97709543e-05 4.23869071e-05 3.67909479e-05 3.24280383e-05 2.89450479e-05 2.61085061e-05
 3.19346234e-01 2.07073643e-02 4.00449794e-03 1.27075741e-03 5.48212702e-04 2.90979705e-04 1.78438275e-04 1.21225322e-04 8.86722131e-05 6.84805115e-05 5.50845539e-05 4.57109321e-05 3.88652351e-05 3.36886151e-05 2.96602054e-05 2.64494432e-05 2.38382644e-05
 3.17295310e-01 2.03131781e-02 3.88011550e-03 1.21736180e-03 5.19987083e-04 2.73727506e-04 1.66747916e-04 1.12691510e-04 8.20921254e-05 6.31942711e-05 5.07022935e-05 4.19880166e-05 3.56403640e-05 3.08509574e-05 2.71309206e-05 2.41707708e-05 2.17668056e-05
 3.15283192e-01 1.99311678e-02 3.76093432e-03 1.16670440e-03 4.93429627e-04 2.57602749e-04 1.55878901e-04 1.04789991e-04 7.60193577e-05 5.83281681e-05 4.66766629e-05 3.85738121e-05 3.26869834e-05 2.82551723e-05 2.48194550e-05 2.20900414e-05 1.98766195e-05
 3.13308688e-01 1.95608267e-02 3.64668873e-03 1.11862390e-03 4.68431593e-04 2.42526378e-04 1.45770469e-04 9.74720742e-05 7.04136291e-05 5.38480387e-05 4.29781091e-05 3.54423434e-05 2.99819631e-05 2.58804381e-05 2.27068932e-05 2.01899380e-05 1.81517461e-05
 3.11370654e-01 1.92016739e-02 3.53712868e-03 1.07296948e-03 4.44891851e-04 2.28425177e-04 1.36366531e-04 9.06929337e-05 6.52379315e-05 4.97225485e-05 3.95795641e-05 3.25698474e-05 2.75041631e-05 2.37077406e-05 2.07759745e-05 1.84546680e-05 1.65776385e-05
 3.09467995e-01 1.88532527e-02 3.43201868e-03 1.02960006e-03 4.22716319e-04 2.15231319e-04 1.27615302e-04 8.44112901e-05 6.04582589e-05 4.59229544e-05 3.64562339e-05 2.99345827e-05 2.52342610e-05 2.17197150e-05 1.90109467e-05 1.68698281e-05 1.51410364e-05
 3.07599660e-01 1.85151292e-02 3.33113691e-03 9.88383667e-04 4.01817443e-04 2.02881957e-04 1.19468960e-04 7.85891256e-05 5.60433588e-05 4.24228872e-05 3.35854048e-05 2.75166557e-05 2.31545945e-05 1.99005021e-05 1.73974337e-05 1.54222813e-05 1.38298523e-05
 3.05764640e-01 1.81868913e-02 3.23427430e-03 9.49196744e-04 3.82113724e-04 1.91318840e-04 1.11883332e-04 7.31914194e-05 5.19645059e-05 3.91981524e-05 3.09462667e-05 2.52978623e-05 2.12490177e-05 1.82356164e-05 1.59223145e-05 1.41000454e-05 1.26330670e-05
 3.03961965e-01 1.78681470e-02 3.14123377e-03 9.11923619e-04 3.63529271e-04 1.80487964e-04 1.04817606e-04 6.81859055e-05 4.81952927e-05 3.62265482e-05 2.85197515e-05 2.32615427e-05 1.95027693e-05 1.67118265e-05 1.45736130e-05 1.28921905e-05 1.15406347e-05
 3.02190706e-01 1.75585234e-02 3.05182941e-03 8.76455942e-04 3.45993396e-04 1.70339249e-04 9.82340713e-05 6.35428510e-05 4.47114396e-05 3.34876987e-05 2.62883854e-05 2.13924487e-05 1.79023533e-05 1.53170454e-05 1.33403971e-05 1.17887462e-05 1.05433971e-05
 3.00449968e-01 1.72576658e-02 2.96588579e-03 8.42692188e-04 3.29440235e-04 1.60826242e-04 9.20978699e-05 5.92348518e-05 4.14906196e-05 3.09629014e-05 2.42361541e-05 1.96766234e-05 1.64354291e-05 1.40402312e-05 1.22126875e-05 1.07806171e-05 9.63300380e-06
 2.98738892e-01 1.69652364e-02 2.88323735e-03 8.10537189e-04 3.13808398e-04 1.51905841e-04 8.63767767e-05 5.52366456e-05 3.85122981e-05 2.86349874e-05 2.23483788e-05 1.81012904e-05 1.50907120e-05 1.28712956e-05 1.11813739e-05 9.85950517e-06 8.80184134e-06
 2.97056651e-01 1.66809137e-02 2.80372771e-03 7.79901709e-04 2.99040650e-04 1.43538045e-04 8.10409928e-05 5.15249402e-05 3.57575862e-05 2.64881935e-05 2.06116039e-05 1.66547525e-05 1.38578821e-05 1.18010212e-05 1.02381389e-05 9.01783986e-06 8.04296753e-06
 2.95402450e-01 1.64043912e-02 2.72720915e-03 7.50702040e-04 2.85083609e-04 1.35685720e-04 7.60629565e-05 4.80782555e-05 3.32091059e-05 2.45080456e-05 1.90134932e-05 1.53262999e-05 1.27275006e-05 1.08209857e-05 9.37538861e-06 8.24871367e-06 7.35005204e-06
 2.93775523e-01 1.61353768e-02 2.65354207e-03 7.22859628e-04 2.71887475e-04 1.28314381e-04 7.14171698e-05 4.48767791e-05 3.08508665e-05 2.26812508e-05 1.75427356e-05 1.41061260e-05 1.16909343e-05 9.92349248e-06 8.58618893e-06 7.54582383e-06 6.71732218e-06
 2.92175133e-01 1.58735921e-02 2.58259445e-03 6.96300734e-04 2.59405770e-04 1.21391999e-04 6.70800379e-05 4.19022327e-05 2.86681520e-05 2.09956001e-05 1.61889589e-05 1.29852499e-05 1.07402859e-05 9.10150789e-06 7.86420823e-06 6.90341904e-06 6.13951352e-06
 2.90600572e-01 1.56187714e-02 2.51424145e-03 6.70956109e-04 2.47595105e-04 1.14888815e-04 6.30297225e-05 3.91377506e-05 2.66474166e-05 1.94398777e-05 1.49426506e-05 1.19554464e-05 9.86833066e-06 8.34860350e-06 7.20366441e-06 6.31625092e-06 5.61182494e-06
 2.89051155e-01 1.53706613e-02 2.44836492e-03 6.46760698e-04 2.36414958e-04 1.08777170e-04 5.92460059e-05 3.65677669e-05 2.47761899e-05 1.80037793e-05 1.37950857e-05 1.10091816e-05 9.06845890e-06 7.65890364e-06 6.59927695e-06 5.77952977e-06 5.12987759e-06
 2.87526224e-01 1.51290196e-02 2.38485304e-03 6.23653364e-04 2.25827478e-04 1.03031353e-04 5.57101661e-05 3.41779127e-05 2.30429897e-05 1.66778366e-05 1.27382604e-05 1.01395540e-05 8.33462266e-06 7.02703746e-06 6.04622303e-06 5.28888422e-06 4.68967758e-06
 2.86025143e-01 1.48936154e-02 2.32359990e-03 6.01576629e-04 2.15797292e-04 9.76274535e-05 5.24048623e-05 3.19549214e-05 2.14372416e-05 1.54533480e-05 1.17648317e-05 9.34024085e-06 7.66128774e-06 6.44809517e-06 5.54009763e-06 4.84032447e-06 4.28758194e-06
 2.84547300e-01 1.46642277e-02 2.26450517e-03 5.80476434e-04 2.06291333e-04 9.25432325e-05 4.93140291e-05 2.98865415e-05 1.99492056e-05 1.43223156e-05 1.08680620e-05 8.60544902e-06 7.04338954e-06 5.91758816e-06 5.07687702e-06 4.43020878e-06 3.92026762e-06
 2.83092104e-01 1.44406456e-02 2.20747376e-03 5.60301921e-04 1.97278681e-04 8.77579962e-05 4.64227785e-05 2.79614565e-05 1.85699090e-05 1.32773870e-05 1.00417686e-05 7.92986999e-06 6.47629279e-06 5.43141248e-06 4.65288553e-06 4.05521290e-06 3.58470326e-06
 2.81658985e-01 1.42226672e-02 2.15241553e-03 5.41005221e-04 1.88730412e-04 8.32524851e-05 4.37173107e-05 2.61692114e-05 1.72910840e-05 1.23118023e-05 9.28027688e-06 7.30863890e-06 5.95575477e-06 4.98581567e-06 4.26476522e-06 3.71230224e-06 3.27812341e-06
 2.80247391e-01 1.40100996e-02 2.09924496e-03 5.22541263e-04 1.80619459e-04 7.90087688e-05 4.11848311e-05 2.45001452e-05 1.61051115e-05 1.14193456e-05 8.57837826e-06 6.73729690e-06 5.47789174e-06 4.57736629e-06 3.90944819e-06 3.39870642e-06 2.99800508e-06
 2.78856790e-01 1.38027580e-02 2.04788094e-03 5.04867598e-04 1.72920489e-04 7.50101491e-05 3.88134741e-05 2.29453287e-05 1.50049684e-05 1.05943001e-05 7.93129115e-06 6.21175690e-06 5.03914817e-06 4.20292629e-06 3.58413133e-06 3.11189613e-06 2.74204638e-06
 2.77486671e-01 1.36004657e-02 1.99824644e-03 4.87944225e-04 1.65609779e-04 7.12410710e-05 3.65922329e-05 2.14965069e-05 1.39841802e-05 9.83140708e-06 7.33462539e-06 5.72827210e-06 4.63626877e-06 3.85962564e-06 3.28625332e-06 2.84956203e-06 2.50814700e-06
 2.76136535e-01 1.34030535e-02 1.95026834e-03 4.71733442e-04 1.58665108e-04 6.76870399e-05 3.45108946e-05 2.01460470e-05 1.30367769e-05 9.12582901e-06 6.78434971e-06 5.28340731e-06 4.26627281e-06 3.54483924e-06 3.01347355e-06 2.60959549e-06 2.29439049e-06
 2.74805903e-01 1.32103592e-02 1.90387718e-03 4.56199698e-04 1.52065654e-04 6.43345454e-05 3.25599806e-05 1.88868894e-05 1.21572527e-05 8.47311455e-06 6.27676188e-06 4.87401267e-06 3.92643072e-06 3.25616583e-06 2.76365300e-06 2.39007097e-06 2.09902804e-06
 2.73494311e-01 1.30222274e-02 1.85900695e-03 4.41309456e-04 1.45791902e-04 6.11709903e-05 3.07306915e-05 1.77125036e-05 1.13405288e-05 7.86916736e-06 5.80846139e-06 4.49719960e-06 3.61424265e-06 2.99140869e-06 2.53483673e-06 2.18923009e-06 1.92046374e-06
 2.72201310e-01 1.28385092e-02 1.81559490e-03 4.27031072e-04 1.39825551e-04 5.81846259e-05 2.90148561e-05 1.66168469e-05 1.05819196e-05 7.31021710e-06 5.37632446e-06 4.15031887e-06 3.32741895e-06 2.74855807e-06 2.32523788e-06 2.00546697e-06 1.75724113e-06
 2.70926467e-01 1.26590618e-02 1.77358134e-03 4.13334673e-04 1.34149436e-04 5.53644909e-05 2.74048847e-05 1.55943270e-05 9.87710145e-06 6.79279294e-06 4.97748109e-06 3.83094044e-06 3.06386228e-06 2.52577513e-06 2.13322311e-06 1.83731492e-06 1.60803093e-06
 2.69669360e-01 1.24837482e-02 1.73290951e-03 4.00192048e-04 1.28747453e-04 5.27003558e-05 2.58937258e-05 1.46397669e-05 9.22208363e-06 6.31369924e-06 4.60929414e-06 3.53683507e-06 2.82165125e-06 2.32137722e-06 1.95729931e-06 1.68343427e-06 1.47161987e-06
 2.68429584e-01 1.23124370e-02 1.69352536e-03 3.87576549e-04 1.23604484e-04 5.01826709e-05 2.44748262e-05 1.37483734e-05 8.61318227e-06 5.86999324e-06 4.26934001e-06 3.26595751e-06 2.59902548e-06 2.13382453e-06 1.79610145e-06 1.54260133e-06 1.34690053e-06
 2.67206743e-01 1.21450019e-02 1.65537747e-03 3.75462991e-04 1.18706335e-04 4.78025188e-05 2.31420939e-05 1.29157069e-05 8.04699598e-06 5.45896460e-06 3.95539110e-06 3.01643105e-06 2.39437194e-06 1.96170779e-06 1.64838149e-06 1.41369823e-06 1.23286199e-06
 2.66000458e-01 1.19813219e-02 1.61841683e-03 3.63827567e-04 1.14039674e-04 4.55515692e-05 2.18898646e-05 1.21376553e-05 7.52038355e-06 5.07811662e-06 3.66539966e-06 2.78653346e-06 2.20621250e-06 1.80373712e-06 1.51299828e-06 1.29570375e-06 1.12858143e-06
 2.64810358e-01 1.18212805e-02 1.58259677e-03 3.52647759e-04 1.09591975e-04 4.34220384e-05 2.07128697e-05 1.14104081e-05 7.03044351e-06 4.72514901e-06 3.39748295e-06 2.57468403e-06 2.03319245e-06 1.65873179e-06 1.38890831e-06 1.18768485e-06 1.03321633e-06
 2.63636084e-01 1.16647660e-02 1.54787280e-03 3.41902266e-04 1.05351462e-04 4.14066512e-05 1.96062075e-05 1.07304338e-05 6.57449525e-06 4.39794206e-06 3.14990974e-06 2.37943182e-06 1.87407010e-06 1.52561091e-06 1.27515729e-06 1.08878901e-06 9.45997519e-07
 2.62477291e-01 1.15116708e-02 1.51420251e-03 3.31570930e-04 1.01307067e-04 3.94986049e-05 1.85653166e-05 1.00944587e-05 6.15006170e-06 4.09454216e-06 2.92108787e-06 2.19944480e-06 1.72770720e-06 1.40338488e-06 1.17087245e-06 9.98237277e-07 8.66222676e-07
 2.61333640e-01 1.13618917e-02 1.48154545e-03 3.21634663e-04 9.74483759e-05 3.76915373e-05 1.75859506e-05 9.49944744e-06 5.75485343e-06 3.81314839e-06 2.70955282e-06 2.03349995e-06 1.59306025e-06 1.29114757e-06 1.07525550e-06 9.15317785e-07 7.93250520e-07
 2.60204805e-01 1.12153293e-02 1.44986301e-03 3.12075392e-04 9.37655923e-05 3.59794960e-05 1.66641557e-05 8.94258459e-06 5.38675397e-06 3.55210039e-06 2.51395734e-06 1.88047420e-06 1.46917247e-06 1.18806926e-06 9.87576230e-07 8.39379993e-07 7.26495456e-07
 2.59090470e-01 1.10718879e-02 1.41911837e-03 3.02875989e-04 9.02494952e-05 3.43569102e-05 1.57962493e-05 8.42125841e-06 5.04380633e-06 3.30986704e-06 2.33306182e-06 1.73933614e-06 1.35516650e-06 1.09339006e-06 9.07166650e-07 7.69829335e-07 6.65422708e-07
 2.57990326e-01 1.09314755e-02 1.38927636e-03 2.94020226e-04 8.68914027e-05 3.28185645e-05 1.49788004e-05 7.93304541e-06 4.72420060e-06 3.08503616e-06 2.16572552e-06 1.60913840e-06 1.25023775e-06 1.00641403e-06 8.33415625e-07 7.06122368e-07 6.09543878e-07
 2.56904077e-01 1.07940036e-02 1.36030339e-03 2.85492715e-04 8.36831375e-05 3.13595750e-05 1.42086116e-05 7.47569617e-06 4.42626255e-06 2.87630505e-06 2.01089855e-06 1.48901068e-06 1.15364823e-06 9.26503678e-07 7.65763993e-07 6.47762340e-07 5.58412895e-07
 2.55831431e-01 1.06593869e-02 1.33216736e-03 2.77278862e-04 8.06169953e-05 2.99753664e-05 1.34827022e-05 7.04712240e-06 4.14844310e-06 2.68247177e-06 1.86761444e-06 1.37815341e-06 1.06472101e-06 8.53075024e-07 7.03700106e-07 5.94295147e-07 5.11622320e-07
 2.54772107e-01 1.05275433e-02 1.30483762e-03 2.69364821e-04 7.76857147e-05 2.86616514e-05 1.27982928e-05 6.64538484e-06 3.88930867e-06 2.50242713e-06 1.73498341e-06 1.27583183e-06 9.82835052e-07 7.85593050e-07 6.46755747e-07 5.45305638e-07 4.68799977e-07
 2.53725832e-01 1.03983935e-02 1.27828484e-03 2.61737452e-04 7.48824495e-05 2.74144112e-05 1.21527909e-05 6.26868218e-06 3.64753227e-06 2.33514737e-06 1.61218612e-06 1.18137073e-06 9.07420562e-07 7.23567547e-07 5.94502410e-07 5.00414243e-07 4.29605879e-07
 2.52692341e-01 1.02718613e-02 1.25248099e-03 2.54384280e-04 7.22007425e-05 2.62298772e-05 1.15437777e-05 5.91534084e-06 3.42188529e-06 2.17968734e-06 1.49846799e-06 1.09414948e-06 8.37954676e-07 6.66549311e-07 5.46547896e-07 4.59273904e-07 3.93729422e-07
 2.51671375e-01 1.01478732e-02 1.22739924e-03 2.47293455e-04 6.96345019e-05 2.51045147e-05 1.09689960e-05 5.58380549e-06 3.21122997e-06 2.03517436e-06 1.39313397e-06 1.01359755e-06 7.73957551e-07 6.14126674e-07 5.02533203e-07 4.21567257e-07 3.60886826e-07
 2.50662684e-01 1.00263583e-02 1.20301393e-03 2.40453722e-04 6.71779780e-05 2.40350073e-05 1.04263381e-05 5.27263034e-06 3.01451245e-06 1.90080247e-06 1.29554370e-06 9.39190398e-07 7.14988766e-07 5.65922329e-07 4.62129690e-07 3.87004077e-07 3.30818805e-07
 2.49666023e-01 9.90724807e-03 1.17930049e-03 2.33854384e-04 6.48257426e-05 2.30182421e-05 9.91383614e-06 4.98047103e-06 2.83075632e-06 1.77582721e-06 1.20510718e-06 8.70445697e-07 6.60644036e-07 5.21590421e-07 4.25036478e-07 3.55318931e-07 3.03288431e-07
 2.48681156e-01 9.79047658e-03 1.15623538e-03 2.27485269e-04 6.25726691e-05 2.20512963e-05 9.42965179e-06 4.70607726e-06 2.65905677e-06 1.65956075e-06 1.12128064e-06 8.06919862e-07 6.10552198e-07 4.80813898e-07 3.90978085e-07 3.26269041e-07 2.78079194e-07
 2.47707852e-01 9.67598013e-03 1.13379608e-03 2.21336706e-04 6.04139143e-05 2.11314252e-05 8.97206736e-06 4.44828582e-06 2.49857512e-06 1.55136750e-06 1.04356288e-06 7.48204885e-07 5.64372460e-07 4.43302076e-07 3.59702252e-07 2.99632335e-07 2.54993229e-07
 2.46745886e-01 9.56369722e-03 1.11196100e-03 2.15399495e-04 5.83449010e-05 2.02560498e-05 8.53947738e-06 4.20601429e-06 2.34853379e-06 1.45065999e-06 9.71491848e-07 6.93925426e-07 5.21791869e-07 4.08788418e-07 3.30977969e-07 2.75205664e-07 2.33849697e-07
 2.45795041e-01 9.45356848e-03 1.09070943e-03 2.09664879e-04 5.63613021e-05 1.94227467e-05 8.13038084e-06 3.97825514e-06 2.20821174e-06 1.35689514e-06 9.04641489e-07 6.43736146e-07 4.82523007e-07 3.77028502e-07 3.04593664e-07 2.52803174e-07 2.14483306e-07
 2.44855103e-01 9.34553655e-03 1.07002154e-03 2.04124524e-04 5.44590254e-05 1.86292374e-05 7.74337395e-06 3.76407031e-06 2.07694012e-06 1.26957080e-06 8.42618900e-07 5.97319258e-07 4.46301870e-07 3.47798163e-07 2.80355546e-07 2.32254816e-07 1.96742968e-07
 2.43925865e-01 9.23954602e-03 1.04987831e-03 1.98770493e-04 5.26341997e-05 1.78733794e-05 7.37714348e-06 3.56258617e-06 1.95409842e-06 1.18822255e-06 7.85061666e-07 5.54382287e-07 4.12885928e-07 3.20891787e-07 2.58086097e-07 2.13404995e-07 1.80490563e-07
 2.43007127e-01 9.13554334e-03 1.03026149e-03 1.93595225e-04 5.08831618e-05 1.71531572e-05 7.03046055e-06 3.37298887e-06 1.83911077e-06 1.11242080e-06 7.31635443e-07 5.14656014e-07 3.82052351e-07 2.96120758e-07 2.37622689e-07 1.96111327e-07 1.65599821e-07
 2.42098692e-01 9.03347676e-03 1.01115355e-03 1.88591516e-04 4.92024438e-05 1.64666742e-05 6.70217482e-06 3.19452007e-06 1.73144266e-06 1.04176807e-06 6.82031724e-07 4.77892582e-07 3.53596382e-07 2.73312029e-07 2.18816316e-07 1.80243502e-07 1.51955295e-07
 2.41200369e-01 8.93329623e-03 9.92537695e-04 1.83752502e-04 4.75887619e-05 1.58121450e-05 6.39120920e-06 3.02647294e-06 1.63059781e-06 9.75896550e-07 6.35965793e-07 4.43863773e-07 3.27329843e-07 2.52306824e-07 2.01530447e-07 1.65682256e-07 1.39451424e-07
 2.40311972e-01 8.83495336e-03 9.74397779e-04 1.79071633e-04 4.60390058e-05 1.51878887e-05 6.09655486e-06 2.86818847e-06 1.53611535e-06 9.14465770e-07 5.93174839e-07 4.12359413e-07 3.03079770e-07 2.32959438e-07 1.85639962e-07 1.52318422e-07 1.27991681e-07
 2.39433319e-01 8.73840133e-03 9.56718305e-04 1.74542668e-04 4.45502280e-05 1.45923219e-05 5.81726661e-06 2.71905209e-06 1.44756716e-06 8.57160525e-07 5.53416231e-07 3.83185918e-07 2.80687164e-07 2.15136152e-07 1.71030189e-07 1.40052066e-07 1.17487794e-07
 2.38564233e-01 8.64359484e-03 9.39484381e-04 1.70159648e-04 4.31196349e-05 1.40239527e-05 5.55245865e-06 2.57849052e-06 1.36455548e-06 8.03688933e-07 5.16465921e-07 3.56164951e-07 2.60005839e-07 1.98714223e-07 1.57596024e-07 1.28791700e-07 1.07859030e-07
 2.37704543e-01 8.55049008e-03 9.22681700e-04 1.65916890e-04 4.17445778e-05 1.34813752e-05 5.30130055e-06 2.44596880e-06 1.28671062e-06 7.53780646e-07 4.82116982e-07 3.31132200e-07 2.40901373e-07 1.83580980e-07 1.45241116e-07 1.18453558e-07 9.90315491e-08
 2.36854080e-01 8.45904459e-03 9.06296509e-04 1.61808966e-04 4.04225444e-05 1.29632637e-05 5.06301358e-06 2.32098765e-06 1.21368894e-06 7.07185212e-07 4.50178267e-07 3.07936246e-07 2.23250144e-07 1.69632977e-07 1.33877136e-07 1.08960938e-07 9.09378084e-08
 2.36012680e-01 8.36921730e-03 8.90315586e-04 1.57830693e-04 3.91511513e-05 1.24683679e-05 4.83686724e-06 2.20308092e-06 1.14517091e-06 6.63670554e-07 4.20473170e-07 2.86437530e-07 2.06938445e-07 1.56775229e-07 1.23423093e-07 1.00243603e-07 8.35160210e-08
 2.35180184e-01 8.28096842e-03 8.74726214e-04 1.53977123e-04 3.79281364e-05 1.19955084e-05 4.62217612e-06 2.09181328e-06 1.08085933e-06 6.23021578e-07 3.92838486e-07 2.66507402e-07 1.91861672e-07 1.44920510e-07 1.13804722e-07 9.22372252e-08 7.67096604e-08
 2.34356435e-01 8.19425941e-03 8.59516162e-04 1.50243525e-04 3.67513522e-05 1.15435723e-05 4.41829687e-06 1.98677807e-06 1.02047773e-06 5.85038884e-07 3.67123367e-07 2.48027248e-07 1.77923586e-07 1.33988706e-07 1.04953918e-07 8.48828858e-08 7.04670088e-08
 2.33541282e-01 8.10905294e-03 8.44673661e-04 1.46625379e-04 3.56187596e-05 1.11115088e-05 4.22462545e-06 1.88759532e-06 9.63768851e-07 5.49537579e-07 3.43188359e-07 2.30887689e-07 1.65035627e-07 1.23906229e-07 9.68082146e-08 7.81266150e-08 6.47407438e-08
 2.32734576e-01 8.02531281e-03 8.30187382e-04 1.43118365e-04 3.45284212e-05 1.06983259e-05 4.04059459e-06 1.79390988e-06 9.10493231e-07 5.16346184e-07 3.20904514e-07 2.14987843e-07 1.53116289e-07 1.14605475e-07 8.93103124e-08 7.19189717e-08 5.94875614e-08
 2.31936172e-01 7.94300395e-03 8.16046422e-04 1.39718348e-04 3.34784963e-05 1.03030863e-05 3.86567133e-06 1.70538968e-06 8.60427933e-07 4.85305622e-07 3.00152577e-07 2.00234651e-07 1.42090550e-07 1.06024330e-07 8.24076468e-08 6.62146581e-08 5.46678315e-08
 2.31145928e-01 7.86209236e-03 8.02240278e-04 1.36421377e-04 3.24672354e-05 9.92490476e-06 3.69935485e-06 1.62172422e-06 8.13365344e-07 4.56268291e-07 2.80822232e-07 1.86542254e-07 1.31889344e-07 9.81057160e-08 7.60519905e-08 6.09721694e-08 5.02452828e-08
 2.30363708e-01 7.78254507e-03 7.88758838e-04 1.33223668e-04 3.14929747e-05 9.56294421e-06 3.54117436e-06 1.54262299e-06 7.69112077e-07 4.29097200e-07 2.62811414e-07 1.73831423e-07 1.22449076e-07 9.07971771e-08 7.01990901e-08 5.61534719e-08 4.61867155e-08
 2.29589375e-01 7.70433010e-03 7.75592357e-04 1.30121601e-04 3.05541322e-05 9.21641347e-06 3.39068719e-06 1.46781418e-06 7.27487945e-07 4.03665180e-07 2.46025672e-07 1.62029032e-07 1.13711184e-07 8.40504969e-08 6.48083348e-08 5.17237095e-08 4.24617385e-08
 2.28822798e-01 7.62741641e-03 7.62731445e-04 1.27111711e-04 2.96492027e-05 8.88456424e-06 3.24747695e-06 1.39704337e-06 6.88325018e-07 3.79854151e-07 2.30377582e-07 1.51067576e-07 1.05621729e-07 7.78213511e-08 5.98424516e-08 4.76509346e-08 3.90425295e-08
 2.28063849e-01 7.55177392e-03 7.50167053e-04 1.24190678e-04 2.87767537e-05 8.56668860e-06 3.11115187e-06 1.33007236e-06 6.51466746e-07 3.57554446e-07 2.15786208e-07 1.40884732e-07 9.81310248e-08 7.20689877e-08 5.52672272e-08 4.39058628e-08 3.59036153e-08
 2.27312402e-01 7.47737341e-03 7.37890454e-04 1.21355323e-04 2.79354216e-05 8.26211667e-06 2.98134326e-06 1.26667808e-06 6.16767155e-07 3.36664190e-07 2.02176606e-07 1.31422943e-07 9.11932916e-08 6.67559335e-08 5.10512530e-08 4.04616480e-08 3.30216715e-08
 2.26568334e-01 7.40418652e-03 7.25893234e-04 1.18602600e-04 2.71239080e-05 7.97021433e-06 2.85770401e-06 1.20665153e-06 5.84090089e-07 3.17088719e-07 1.89479361e-07 1.22629051e-07 8.47663462e-08 6.18477260e-08 4.71656917e-08 3.72936768e-08 3.03753394e-08
 2.25831525e-01 7.33218572e-03 7.14167277e-04 1.15929589e-04 2.63409764e-05 7.69038114e-06 2.73990724e-06 1.14979688e-06 5.53308524e-07 2.98740054e-07 1.77630173e-07 1.14453947e-07 7.88113110e-08 5.73126665e-08 4.35840639e-08 3.43793802e-08 2.79450585e-08
 2.25101858e-01 7.26134428e-03 7.02704752e-04 1.13333491e-04 2.55854485e-05 7.42204841e-06 2.62764504e-06 1.09593060e-06 5.24303918e-07 2.81536407e-07 1.66569462e-07 1.06852256e-07 7.32923493e-08 5.31215949e-08 4.02820516e-08 3.16980622e-08 2.57129133e-08
 2.24379219e-01 7.19163624e-03 6.91498104e-04 1.10811623e-04 2.48562014e-05 7.16467734e-06 2.52062726e-06 1.04488057e-06 4.96965617e-07 2.65401724e-07 1.56242010e-07 9.97820453e-08 6.81764224e-08 4.92476822e-08 3.72373199e-08 2.92307416e-08 2.36624936e-08
 2.23663494e-01 7.12303638e-03 6.80540039e-04 1.08361411e-04 2.41521647e-05 6.91775728e-06 2.41858044e-06 9.96485382e-07 4.71190304e-07 2.50265273e-07 1.46596632e-07 9.32045551e-08 6.34330660e-08 4.56662406e-08 3.44293520e-08 2.69600084e-08 2.17787666e-08
 2.22954575e-01 7.05552018e-03 6.69823516e-04 1.05980384e-04 2.34723177e-05 6.68080416e-06 2.32124675e-06 9.50593628e-07 4.46881486e-07 2.36061248e-07 1.37585872e-07 8.70839520e-08 5.90341846e-08 4.23545496e-08 3.18392991e-08 2.48698922e-08 2.00479598e-08
 2.22252355e-01 6.98906385e-03 6.59341735e-04 1.03666173e-04 2.28156870e-05 6.45335895e-06 2.22838301e-06 9.07063213e-07 4.23949019e-07 2.22728415e-07 1.29165719e-07 8.13871017e-08 5.49538633e-08 3.92916958e-08 2.94498427e-08 2.29457410e-08 1.84574543e-08
 2.21556728e-01 6.92364423e-03 6.49088130e-04 1.01416504e-04 2.21813435e-05 6.23498622e-06 2.13975985e-06 8.65760760e-07 4.02308668e-07 2.10209781e-07 1.21295351e-07 7.60833596e-08 5.11681943e-08 3.64584264e-08 2.72450681e-08 2.11741112e-08 1.69956869e-08
 2.20867592e-01 6.85923883e-03 6.39056356e-04 9.92291912e-05 2.15684011e-05 6.02527285e-06 2.05516078e-06 8.26561039e-07 3.81881696e-07 1.98452285e-07 1.13936891e-07 7.11443783e-08 4.76551177e-08 3.38370150e-08 2.52103488e-08 1.95426665e-08 1.56520610e-08
 2.20184847e-01 6.79582577e-03 6.29240283e-04 9.71021384e-05 2.09760134e-05 5.82382675e-06 1.97438148e-06 7.89346434e-07 3.62594490e-07 1.87406514e-07 1.07055193e-07 6.65439300e-08 4.43942750e-08 3.14111375e-08 2.33322404e-08 1.80400855e-08 1.44168644e-08
 2.19508395e-01 6.73338378e-03 6.19633987e-04 9.50333304e-05 2.04033726e-05 5.63027568e-06 1.89722901e-06 7.54006449e-07 3.44378207e-07 1.77026444e-07 1.00617632e-07 6.22577435e-08 4.13668748e-08 2.91657596e-08 2.15983835e-08 1.66559769e-08 1.32811952e-08
 2.18838139e-01 6.67189217e-03 6.10231740e-04 9.30208314e-05 1.98497069e-05 5.44426614e-06 1.82352117e-06 7.20437247e-07 3.27168444e-07 1.67269195e-07 9.45939193e-08 5.82633534e-08 3.85555692e-08 2.70870322e-08 1.99974148e-08 1.53808017e-08 1.22368927e-08
 2.18173985e-01 6.61133082e-03 6.01028006e-04 9.10627811e-05 1.93142792e-05 5.26546237e-06 1.75308580e-06 6.88541222e-07 3.10904942e-07 1.58094805e-07 8.89559294e-08 5.45399618e-08 3.59443398e-08 2.51621963e-08 1.85188848e-08 1.42058029e-08 1.12764753e-08
 2.17515842e-01 6.55168013e-03 5.92017429e-04 8.91573911e-05 1.87963849e-05 5.09354533e-06 1.68576022e-06 6.58226600e-07 2.95531299e-07 1.49466024e-07 8.36775372e-08 5.10683106e-08 3.35183932e-08 2.33794952e-08 1.71531837e-08 1.31229398e-08 1.03930833e-08
 2.16863619e-01 6.49292106e-03 5.83194830e-04 8.73029421e-05 1.82953507e-05 4.92821180e-06 1.62139065e-06 6.29407064e-07 2.80994710e-07 1.41348122e-07 7.87344719e-08 4.78305637e-08 3.12640650e-08 2.17280940e-08 1.58914724e-08 1.21248289e-08 9.58042654e-09
 2.16217229e-01 6.43503507e-03 5.74555198e-04 8.54977805e-05 1.78105327e-05 4.76917352e-06 1.55983168e-06 6.02001408e-07 2.67245727e-07 1.33708706e-07 7.41041798e-08 4.48101988e-08 2.91687315e-08 2.01980061e-08 1.47256195e-08 1.12046894e-08 8.83273623e-09
 2.15576584e-01 6.37800409e-03 5.66093684e-04 8.37403156e-05 1.73413153e-05 4.61615637e-06 1.50094579e-06 5.75933213e-07 2.54238029e-07 1.26517561e-07 6.97656976e-08 4.19919074e-08 2.72207277e-08 1.87800249e-08 1.36481437e-08 1.03562930e-08 8.14472149e-09
 2.14941600e-01 6.32181055e-03 5.57805596e-04 8.20290171e-05 1.68871094e-05 4.46889961e-06 1.44460286e-06 5.51130543e-07 2.41928215e-07 1.19746491e-07 6.56995365e-08 3.93615026e-08 2.54092733e-08 1.74656616e-08 1.26521607e-08 9.57391817e-09 7.51152911e-09
 2.14312194e-01 6.26643734e-03 5.49686391e-04 8.03624121e-05 1.64473516e-05 4.32715515e-06 1.39067976e-06 5.27525666e-07 2.30275607e-07 1.13369181e-07 6.18875736e-08 3.69058341e-08 2.37244031e-08 1.62470880e-08 1.17313350e-08 8.85230857e-09 6.92870685e-09
 2.13688286e-01 6.21186779e-03 5.41731671e-04 7.87390831e-05 1.60215026e-05 4.19068689e-06 1.33905993e-06 5.05054788e-07 2.19242074e-07 1.07361066e-07 5.83129525e-08 3.46127103e-08 2.21569040e-08 1.51170842e-08 1.08798349e-08 8.18663433e-09 6.39216991e-09
 2.13069795e-01 6.15808566e-03 5.33937177e-04 7.71576652e-05 1.56090459e-05 4.05927007e-06 1.28963301e-06 4.83657809e-07 2.08791854e-07 1.01699203e-07 5.49599912e-08 3.24708256e-08 2.06982565e-08 1.40689896e-08 1.00922920e-08 7.57245702e-09 5.89817016e-09
 2.12456643e-01 6.10507515e-03 5.26298785e-04 7.56168440e-05 1.52094873e-05 3.93269068e-06 1.24229446e-06 4.63278094e-07 1.98891407e-07 9.63621665e-08 5.18140965e-08 3.04696940e-08 1.93405811e-08 1.30966591e-08 9.36376329e-09 7.00569736e-09 5.44326800e-09
 2.11848754e-01 6.05282084e-03 5.18812497e-04 7.41153536e-05 1.48223533e-05 3.81074487e-06 1.19694526e-06 4.43862253e-07 1.89509262e-07 9.13299357e-08 4.88616857e-08 2.85995873e-08 1.80765887e-08 1.21944220e-08 8.68969724e-09 6.48260569e-09 5.02430664e-09
 2.11246054e-01 6.00130771e-03 5.11474444e-04 7.26519744e-05 1.44471904e-05 3.69323845e-06 1.15349156e-06 4.25359951e-07 1.80615885e-07 8.65838024e-08 4.60901132e-08 2.68514788e-08 1.68995352e-08 1.13570444e-08 8.06590177e-09 5.99973486e-09 4.63838849e-09
 2.10648469e-01 5.95052113e-03 5.04280871e-04 7.12255310e-05 1.40835638e-05 3.57998635e-06 1.11184441e-06 4.07723710e-07 1.72183549e-07 8.21062786e-08 4.34876032e-08 2.52169908e-08 1.58031793e-08 1.05796950e-08 7.48851550e-09 5.55391546e-09 4.28285357e-09
 2.10055926e-01 5.90044684e-03 4.97228144e-04 6.98348910e-05 1.37310572e-05 3.47081217e-06 1.07191945e-06 3.90908743e-07 1.64186222e-07 7.78810128e-08 4.10431875e-08 2.36883461e-08 1.47817443e-08 9.85791317e-09 6.95398104e-09 5.14223299e-09 3.95525979e-09
 2.09468356e-01 5.85107093e-03 4.90312736e-04 6.84789623e-05 1.33892711e-05 3.36554772e-06 1.03363669e-06 3.74872782e-07 1.56599449e-07 7.38927127e-08 3.87466472e-08 2.22583233e-08 1.38298821e-08 9.18757991e-09 6.45902059e-09 4.76200708e-09 3.65336475e-09
 2.08885689e-01 5.80237983e-03 4.83531230e-04 6.71566922e-05 1.30578227e-05 3.26403262e-06 9.96920256e-07 3.59575935e-07 1.49400258e-07 7.01270723e-08 3.65884595e-08 2.09202160e-08 1.29426405e-08 8.56489087e-09 6.00061348e-09 4.41077225e-09 3.37510926e-09
 2.08307858e-01 5.75436033e-03 4.76880310e-04 6.58670654e-05 1.27363447e-05 3.16611387e-06 9.61698127e-07 3.44980533e-07 1.42567060e-07 6.65707055e-08 3.45597483e-08 1.96677944e-08 1.21154332e-08 7.98633181e-09 5.57597557e-09 4.08626045e-09 3.11860208e-09
 2.07734795e-01 5.70699952e-03 4.70356761e-04 6.46091026e-05 1.24244849e-05 3.07164547e-06 9.27901956e-07 3.31051001e-07 1.36079560e-07 6.32110833e-08 3.26522378e-08 1.84952702e-08 1.13440117e-08 7.44865589e-09 5.18254036e-09 3.78638495e-09 2.88210606e-09
 2.07166436e-01 5.66028483e-03 4.63957465e-04 6.33818591e-05 1.21219052e-05 2.98048811e-06 8.95466853e-07 3.17753735e-07 1.29918677e-07 6.00364758e-08 3.08582107e-08 1.73972641e-08 1.06244395e-08 6.94886273e-09 4.81794155e-09 3.50922554e-09 2.66402536e-09
 2.06602717e-01 5.61420399e-03 4.57679396e-04 6.21844231e-05 1.18282813e-05 2.89250879e-06 8.64331194e-07 3.05056978e-07 1.24066464e-07 5.70358988e-08 2.91704682e-08 1.63687759e-08 9.95306902e-09 6.48417929e-09 4.47999711e-09 3.25301504e-09 2.46289377e-09
 2.06043575e-01 5.56874501e-03 4.51519616e-04 6.10159147e-05 1.15433018e-05 2.80758051e-06 8.34436443e-07 2.92930717e-07 1.18506040e-07 5.41990637e-08 2.75822936e-08 1.54051566e-08 9.32651901e-09 6.05204209e-09 4.16669461e-09 3.01612684e-09 2.27736406e-09
 2.05488948e-01 5.52389622e-03 4.45475277e-04 5.98754846e-05 1.12666676e-05 2.72558199e-06 8.05726982e-07 2.81346574e-07 1.13221516e-07 5.15163306e-08 2.60874190e-08 1.45020828e-08 8.74165493e-09 5.65008100e-09 3.87617771e-09 2.79706355e-09 2.10619810e-09
 2.04938776e-01 5.47964620e-03 4.39543611e-04 5.87623126e-05 1.09980916e-05 2.64639737e-06 7.78149954e-07 2.70277716e-07 1.08197939e-07 4.89786654e-08 2.46799932e-08 1.36555332e-08 8.19557018e-09 5.27610426e-09 3.60673381e-09 2.59444646e-09 1.94825796e-09
 2.04392999e-01 5.43598383e-03 4.33721932e-04 5.76756069e-05 1.07372980e-05 2.56991593e-06 7.51655110e-07 2.59698759e-07 1.03421230e-07 4.65775995e-08 2.33545532e-08 1.28617662e-08 7.68556901e-09 4.92808462e-09 3.35678264e-09 2.40700605e-09 1.80249759e-09
 2.03851560e-01 5.39289824e-03 4.28007633e-04 5.66146024e-05 1.04840218e-05 2.49603187e-06 7.26194674e-07 2.49585684e-07 9.88781305e-08 4.43051923e-08 2.21059969e-08 1.21173001e-08 7.20915069e-09 4.60414671e-09 3.12486579e-09 2.23357309e-09 1.66795535e-09
 2.03314400e-01 5.35037881e-03 4.22398180e-04 5.55785604e-05 1.02380084e-05 2.42464403e-06 7.01723203e-07 2.39915763e-07 9.45561514e-08 4.21539965e-08 2.09295581e-08 1.14188941e-08 6.76399493e-09 4.30255530e-09 2.90963710e-09 2.07307060e-09 1.54374704e-09
 2.02781465e-01 5.30841519e-03 4.16891112e-04 5.45667668e-05 9.99901304e-06 2.35565571e-06 6.78197468e-07 2.30667476e-07 9.04435242e-08 4.01170255e-08 1.98207835e-08 1.07635310e-08 6.34794841e-09 4.02170455e-09 2.70985381e-09 1.92450640e-09 1.42905955e-09
 2.02252699e-01 5.26699725e-03 4.11484041e-04 5.35785317e-05 9.76680039e-06 2.28897439e-06 6.55576334e-07 2.21820450e-07 8.65291578e-08 3.81877234e-08 1.87755110e-08 1.01484009e-08 5.95901233e-09 3.76010804e-09 2.52436843e-09 1.78696632e-09 1.32314509e-09
 2.01728048e-01 5.22611512e-03 4.06174643e-04 5.26131882e-05 9.54114422e-06 2.22451159e-06 6.33820647e-07 2.13355385e-07 8.28025961e-08 3.63599366e-08 1.77898497e-08 9.57088686e-09 5.59533097e-09 3.51638968e-09 2.35212123e-09 1.65960794e-09 1.22531581e-09
 2.01207459e-01 5.18575914e-03 4.00960662e-04 5.16700916e-05 9.32182695e-06 2.16218265e-06 6.12893135e-07 2.05254000e-07 7.92539796e-08 3.46278879e-08 1.68601612e-08 9.02855051e-09 5.25518104e-09 3.28927523e-09 2.19213340e-09 1.54165480e-09 1.13493894e-09
 2.00690879e-01 5.14591988e-03 3.95839904e-04 5.07486185e-05 9.10863927e-06 2.10190654e-06 5.92758303e-07 1.97498968e-07 7.58740085e-08 3.29861522e-08 1.59830429e-08 8.51911975e-09 4.93696190e-09 3.07758457e-09 2.04350068e-09 1.43239119e-09 1.05143226e-09
 2.00178258e-01 5.10658813e-03 3.90810237e-04 4.98481661e-05 8.90137980e-06 2.04360570e-06 5.73382345e-07 1.90073869e-07 7.26539089e-08 3.14296334e-08 1.51553112e-08 8.04047678e-09 4.63918653e-09 2.88022451e-09 1.90538756e-09 1.33115725e-09 9.74260061e-10
 1.99669545e-01 5.06775487e-03 3.85869589e-04 4.89681514e-05 8.69985476e-06 1.98720586e-06 5.54733052e-07 1.82963134e-07 6.95854012e-08 2.99535433e-08 1.43739872e-08 7.59064716e-09 4.36047315e-09 2.69618221e-09 1.77702191e-09 1.23734451e-09 9.02929276e-10
 1.99164690e-01 5.02941131e-03 3.81015945e-04 4.81080103e-05 8.50387764e-06 1.93263589e-06 5.36779732e-07 1.76151997e-07 6.66606696e-08 2.85533821e-08 1.36362828e-08 7.16778966e-09 4.09953752e-09 2.52451906e-09 1.65769004e-09 1.15039185e-09 8.36986082e-10
 1.98663646e-01 4.99154885e-03 3.76247343e-04 4.72671969e-05 8.31326886e-06 1.87982769e-06 5.19493133e-07 1.69626454e-07 6.38723351e-08 2.72249199e-08 1.29395876e-08 6.77018695e-09 3.85518577e-09 2.36436512e-09 1.54673217e-09 1.06978167e-09 7.76012698e-10
 1.98166365e-01 4.95415907e-03 3.71561879e-04 4.64451833e-05 8.12785555e-06 1.82871597e-06 5.02845365e-07 1.63373216e-07 6.12134285e-08 2.59641793e-08 1.22814571e-08 6.39623680e-09 3.62630781e-09 2.21491388e-09 1.44353825e-09 9.95036501e-10 7.19624469e-10
 1.97672799e-01 4.91723376e-03 3.66957697e-04 4.56414582e-05 7.94747121e-06 1.77923821e-06 4.86809834e-07 1.57379674e-07 5.86773667e-08 2.47674195e-08 1.16596018e-08 6.04444409e-09 3.41187122e-09 2.07541753e-09 1.34754409e-09 9.25715776e-10 6.67467193e-10
 1.97182903e-01 4.88076488e-03 3.62432994e-04 4.48555268e-05 7.77195545e-06 1.73133444e-06 4.71361174e-07 1.51633856e-07 5.62579294e-08 2.36311214e-08 1.10718764e-08 5.71341327e-09 3.21091565e-09 1.94518251e-09 1.25822787e-09 8.61412933e-10 6.19214660e-10
 1.96696631e-01 4.84474457e-03 3.57986014e-04 4.40869100e-05 7.60115377e-06 1.68494722e-06 4.56475185e-07 1.46124397e-07 5.39492377e-08 2.25519737e-08 1.05162706e-08 5.40184145e-09 3.02254751e-09 1.82356549e-09 1.17510679e-09 8.01752728e-10 5.74566397e-10
 1.96213939e-01 4.80916514e-03 3.53615050e-04 4.33351439e-05 7.43491729e-06 1.64002142e-06 4.42128776e-07 1.40840502e-07 5.17457338e-08 2.15268596e-08 9.99090008e-09 5.10851197e-09 2.84593523e-09 1.70996957e-09 1.09773414e-09 7.46388762e-10 5.33245599e-10
 1.95734784e-01 4.77401908e-03 3.49318439e-04 4.25997791e-05 7.27310253e-06 1.59650421e-06 4.28299908e-07 1.35771919e-07 4.96421626e-08 2.05528448e-08 9.49399808e-09 4.83228840e-09 2.68030473e-09 1.60384086e-09 1.02569651e-09 6.95001216e-10 4.94997227e-10
 1.95259121e-01 4.73929903e-03 3.45094562e-04 4.18803806e-05 7.11557119e-06 1.55434489e-06 4.14967540e-07 1.30908905e-07 4.76335538e-08 1.96271664e-08 9.02390767e-09 4.57210904e-09 2.52493532e-09 1.50466523e-09 9.58611220e-10 6.47294757e-10 4.59586259e-10
 1.94786910e-01 4.70499780e-03 3.40941845e-04 4.11765266e-05 6.96218992e-06 1.51349482e-06 4.02111584e-07 1.26242200e-07 4.57152051e-08 1.87472215e-08 8.57907461e-09 4.32698172e-09 2.37915586e-09 1.41196538e-09 8.96123974e-10 6.02996623e-10 4.26796093e-10
 1.94318108e-01 4.67110834e-03 3.36858752e-04 4.04878086e-05 6.81283014e-06 1.47390734e-06 3.89712851e-07 1.21763004e-07 4.38826669e-08 1.79105582e-08 8.15804057e-09 4.09597909e-09 2.24234120e-09 1.32529812e-09 8.37906705e-10 5.61854851e-10 3.96427065e-10
 1.93852675e-01 4.63762378e-03 3.32843792e-04 3.98138306e-05 6.66736786e-06 1.43553763e-06 3.77753012e-07 1.17462947e-07 4.21317279e-08 1.71148658e-08 7.75943693e-09 3.87823411e-09 2.11390890e-09 1.24425186e-09 7.83655570e-10 5.23636657e-10 3.68295105e-10
 1.93390570e-01 4.60453736e-03 3.28895508e-04 3.91542091e-05 6.52568346e-06 1.39834269e-06 3.66214556e-07 1.13334071e-07 4.04584008e-08 1.63579661e-08 7.38197891e-09 3.67293603e-09 1.99331624e-09 1.16844421e-09 7.33089109e-10 4.88126934e-10 3.42230486e-10
 1.92931754e-01 4.57184250e-03 3.25012484e-04 3.85085719e-05 6.38766154e-06 1.36228123e-06 3.55080745e-07 1.09368806e-07 3.88589101e-08 1.56378055e-08 7.02446017e-09 3.47932645e-09 1.88005731e-09 1.09751993e-09 6.85946545e-10 4.55126879e-10 3.18076690e-10
 1.92476189e-01 4.53953274e-03 3.21193339e-04 3.78765584e-05 6.25319075e-06 1.32731358e-06 3.44335581e-07 1.05559947e-07 3.73296798e-08 1.49524473e-08 6.68574771e-09 3.29669586e-09 1.77366050e-09 1.03114885e-09 6.41986219e-10 4.24452726e-10 2.95689350e-10
 1.92023835e-01 4.50760175e-03 3.17436730e-04 3.72578189e-05 6.12216363e-06 1.29340167e-06 3.33963771e-07 1.01900641e-07 3.58673216e-08 1.43000646e-08 6.36477721e-09 3.12438030e-09 1.67368602e-09 9.69024092e-10 6.00984147e-10 3.95934578e-10 2.74935292e-10
 1.91574656e-01 4.47604335e-03 3.13741344e-04 3.66520143e-05 5.99447645e-06 1.26050887e-06 3.23950686e-07 9.83843612e-08 3.44686252e-08 1.36789338e-08 6.06054857e-09 2.96175828e-09 1.57972367e-09 9.10860348e-10 5.62732686e-10 3.69415331e-10 2.55691646e-10
 1.91128614e-01 4.44485148e-03 3.10105907e-04 3.60588156e-05 5.87002906e-06 1.22860004e-06 3.14282338e-07 9.50048955e-08 3.31305475e-08 1.30874282e-08 5.77212187e-09 2.80824795e-09 1.49139078e-09 8.56392301e-10 5.27039306e-10 3.44749691e-10 2.37845028e-10
 1.90685674e-01 4.41402021e-03 3.06529172e-04 3.54779038e-05 5.74872477e-06 1.19764136e-06 3.04945344e-07 9.17563274e-08 3.18502034e-08 1.25240122e-08 5.49861346e-09 2.66330441e-09 1.40833027e-09 8.05373183e-10 4.93725452e-10 3.21803255e-10 2.21290798e-10
 1.90245798e-01 4.38354373e-03 3.03009927e-04 3.49089690e-05 5.63047020e-06 1.16760035e-06 2.95926898e-07 8.86330217e-08 3.06248571e-08 1.19872360e-08 5.23919248e-09 2.52641728e-09 1.33020885e-09 7.57573427e-10 4.62625503e-10 3.00451680e-10 2.05932362e-10
 1.89808953e-01 4.35341635e-03 2.99546989e-04 3.43517111e-05 5.51517516e-06 1.13844577e-06 2.87214743e-07 8.56296094e-08 2.94519139e-08 1.14757302e-08 4.99307743e-09 2.39710839e-09 1.25671541e-09 7.12779420e-10 4.33585799e-10 2.80579903e-10 1.91680546e-10
 1.89375104e-01 4.32363249e-03 2.96139205e-04 3.38058383e-05 5.40275250e-06 1.11014759e-06 2.78797150e-07 8.27409744e-08 2.83289119e-08 1.09882015e-08 4.75953316e-09 2.27492964e-09 1.18755942e-09 6.70792356e-10 4.06463754e-10 2.62081435e-10 1.78453007e-10
 1.88944215e-01 4.29418671e-03 2.92785451e-04 3.32710676e-05 5.29311806e-06 1.08267690e-06 2.70662885e-07 7.99622403e-08 2.72535152e-08 1.05234277e-08 4.53786786e-09 2.15946099e-09 1.12246955e-09 6.31427169e-10 3.81127029e-10 2.44857700e-10 1.66173704e-10
 1.88516255e-01 4.26507364e-03 2.89484630e-04 3.27471244e-05 5.18619047e-06 1.05600592e-06 2.62801194e-07 7.72887585e-08 2.62235064e-08 1.00802537e-08 4.32743044e-09 2.05030866e-09 1.06119235e-09 5.94511545e-10 3.57452773e-10 2.28817433e-10 1.54772397e-10
 1.88091190e-01 4.23628805e-03 2.86235674e-04 3.22337419e-05 5.08189111e-06 1.03010792e-06 2.55201773e-07 7.47160964e-08 2.52367809e-08 9.65758782e-09 4.12760792e-09 1.94710335e-09 1.00349095e-09 5.59885010e-10 3.35326918e-10 2.13876123e-10 1.44184199e-10
 1.87668987e-01 4.20782481e-03 2.83037539e-04 3.17306611e-05 4.98014398e-06 1.00495716e-06 2.47854755e-07 7.22400263e-08 2.42913398e-08 9.25439760e-09 3.93782311e-09 1.84949867e-09 9.49144034e-10 5.27398087e-10 3.14643532e-10 1.99955493e-10 1.34349156e-10
 1.87249614e-01 4.17967888e-03 2.79889207e-04 3.12376305e-05 4.88087559e-06 9.80528870e-07 2.40750683e-07 6.98565157e-08 2.33852848e-08 8.86970676e-09 3.75753236e-09 1.75716964e-09 8.97944669e-10 4.96911509e-10 2.95304219e-10 1.86983038e-10 1.25211862e-10
 1.86833041e-01 4.15184534e-03 2.76789686e-04 3.07544058e-05 4.78401491e-06 9.56799223e-07 2.33880495e-07 6.75617167e-08 2.25168126e-08 8.50259176e-09 3.58622351e-09 1.66981128e-09 8.49699390e-10 4.68295495e-10 2.77217563e-10 1.74891574e-10 1.16721108e-10
 1.86419235e-01 4.12431935e-03 2.73738007e-04 3.02807496e-05 4.68949323e-06 9.33745265e-07 2.27235505e-07 6.53519576e-08 2.16842097e-08 8.15217878e-09 3.42341397e-09 1.58713733e-09 8.04227259e-10 4.41429079e-10 2.60298618e-10 1.63618847e-10 1.08829553e-10
 1.86008167e-01 4.09709618e-03 2.70733225e-04 2.98164314e-05 4.59724408e-06 9.11344894e-07 2.20807386e-07 6.32237335e-08 2.08858477e-08 7.81764085e-09 3.26864888e-09 1.50887904e-09 7.61359022e-10 4.16199486e-10 2.44468431e-10 1.53107153e-10 1.01493427e-10
 1.85599806e-01 4.07017117e-03 2.67774417e-04 2.93612271e-05 4.50720317e-06 8.89576825e-07 2.14588152e-07 6.11736984e-08 2.01201785e-08 7.49819518e-09 3.12149941e-09 1.43478402e-09 7.20936315e-10 3.92501553e-10 2.29653607e-10 1.43303000e-10 9.46722548e-11
 1.85194123e-01 4.04353979e-03 2.64860683e-04 2.89149192e-05 4.41930832e-06 8.68420556e-07 2.08570146e-07 5.91986572e-08 1.93857304e-08 7.19310062e-09 2.98156121e-09 1.36461521e-09 6.82810933e-10 3.70237199e-10 2.15785904e-10 1.34156788e-10 8.83285979e-11
 1.84791088e-01 4.01719756e-03 2.61991143e-04 2.84772960e-05 4.33349933e-06 8.47856333e-07 2.02746023e-07 5.72955583e-08 1.86811035e-08 6.90165530e-09 2.84845293e-09 1.29814989e-09 6.46844146e-10 3.49314922e-10 2.02801855e-10 1.25622520e-10 8.24278251e-11
 1.84390674e-01 3.99114012e-03 2.59164941e-04 2.80481517e-05 4.24971795e-06 8.27865124e-07 1.97108734e-07 5.54614869e-08 1.80049665e-08 6.62319439e-09 2.72181477e-09 1.23517877e-09 6.12906065e-10 3.29649345e-10 1.90642427e-10 1.17657531e-10 7.69378944e-11
 1.83992851e-01 3.96536316e-03 2.56381237e-04 2.76272867e-05 4.16790781e-06 8.08428584e-07 1.91651518e-07 5.36936577e-08 1.73560528e-08 6.35708801e-09 2.60130727e-09 1.17550512e-09 5.80875049e-10 3.11160785e-10 1.79252696e-10 1.10222237e-10 7.18291541e-11
 1.83597592e-01 3.93986248e-03 2.53639214e-04 2.72145063e-05 4.08801434e-06 7.89529035e-07 1.86367883e-07 5.19894091e-08 1.67331570e-08 6.10273928e-09 2.48661001e-09 1.11894400e-09 5.50637159e-10 2.93774857e-10 1.68581550e-10 1.03279911e-10 6.70741605e-11
 1.83204869e-01 3.91463395e-03 2.50938073e-04 2.68096217e-05 4.00998468e-06 7.71149430e-07 1.81251601e-07 5.03461973e-08 1.61351319e-08 5.85958243e-09 2.37742053e-09 1.06532148e-09 5.22085643e-10 2.77422111e-10 1.58581420e-10 9.67964625e-11 6.26475084e-11
 1.82814656e-01 3.88967353e-03 2.48277033e-04 2.64124489e-05 3.93376767e-06 7.53273336e-07 1.76296690e-07 4.87615902e-08 1.55608854e-08 5.62708111e-09 2.27345323e-09 1.01447400e-09 4.95120464e-10 2.62037685e-10 1.49208019e-10 9.07402501e-11 5.85256760e-11
 1.82426926e-01 3.86497724e-03 2.45655332e-04 2.60228094e-05 3.85931375e-06 7.35884904e-07 1.71497407e-07 4.72332623e-08 1.50093775e-08 5.40472672e-09 2.17443837e-09 9.66247644e-10 4.69647853e-10 2.47560994e-10 1.40420111e-10 8.50818945e-11 5.46868808e-11
 1.82041652e-01 3.84054118e-03 2.43072225e-04 2.56405290e-05 3.78657494e-06 7.18968851e-07 1.66848236e-07 4.57589898e-08 1.44796179e-08 5.19203687e-09 2.08012116e-09 9.20497611e-10 4.45579898e-10 2.33935430e-10 1.32179290e-10 7.97941136e-11 5.11109481e-11
 1.81658809e-01 3.81636153e-03 2.40526986e-04 2.52654388e-05 3.71550473e-06 7.02510430e-07 1.62343879e-07 4.43366453e-08 1.39706633e-08 4.98855394e-09 1.99026086e-09 8.77087597e-10 4.22834163e-10 2.21108095e-10 1.24449782e-10 7.48515673e-11 4.77791884e-11
 1.81278371e-01 3.79243454e-03 2.38018903e-04 2.48973740e-05 3.64605808e-06 6.86495418e-07 1.57979244e-07 4.29641936e-08 1.34816147e-08 4.79384373e-09 1.90462993e-09 8.35889287e-10 4.01333323e-10 2.09029543e-10 1.17198255e-10 7.02307154e-11 4.46742854e-11
 1.80900314e-01 3.76875653e-03 2.35547283e-04 2.45361745e-05 3.57819133e-06 6.70910087e-07 1.53749442e-07 4.16396874e-08 1.30116159e-08 4.60749416e-09 1.82301331e-09 7.96781858e-10 3.81004839e-10 1.97653549e-10 1.10393647e-10 6.59096846e-11 4.17801918e-11
 1.80524612e-01 3.74532389e-03 2.33111445e-04 2.41816844e-05 3.51186218e-06 6.55741192e-07 1.49649771e-07 4.03612627e-08 1.25598503e-08 4.42911405e-09 1.74520766e-09 7.59651514e-10 3.61780639e-10 1.86936884e-10 1.04007004e-10 6.18681470e-11 3.90820340e-11
 1.80151241e-01 3.72213307e-03 2.30710727e-04 2.38337522e-05 3.44702963e-06 6.40975946e-07 1.45675713e-07 3.91271355e-08 1.21255398e-08 4.25833201e-09 1.67102068e-09 7.24391055e-10 3.43596835e-10 1.76839118e-10 9.80113323e-11 5.80872073e-11 3.65660233e-11
 1.79780177e-01 3.69918060e-03 2.28344481e-04 2.34922300e-05 3.38365395e-06 6.26602007e-07 1.41822924e-07 3.79355977e-08 1.17079424e-08 4.09479536e-09 1.60027049e-09 6.90899471e-10 3.26393449e-10 1.67322426e-10 9.23814624e-11 5.45492980e-11 3.42193749e-11
 1.79411397e-01 3.67646305e-03 2.26012072e-04 2.31569741e-05 3.32169658e-06 6.12607458e-07 1.38087228e-07 3.67850136e-08 1.13063504e-08 3.93816910e-09 1.53278501e-09 6.59081566e-10 3.10114163e-10 1.58351416e-10 8.70939175e-11 5.12380831e-11 3.20302324e-11
 1.79044877e-01 3.65397708e-03 2.23712882e-04 2.28278446e-05 3.26112019e-06 5.98980792e-07 1.34464609e-07 3.56738166e-08 1.09200888e-08 3.78813498e-09 1.46840139e-09 6.28847602e-10 2.94706083e-10 1.49892963e-10 8.21267970e-11 4.81383688e-11 2.99875983e-11
 1.78680594e-01 3.63171939e-03 2.21446304e-04 2.25047052e-05 3.20188853e-06 5.85710896e-07 1.30951202e-07 3.46005063e-08 1.05485138e-08 3.64439058e-09 1.40696551e-09 6.00112968e-10 2.80119521e-10 1.41916059e-10 7.74596660e-11 4.52360207e-11 2.80812700e-11
 1.78318525e-01 3.60968675e-03 2.19211745e-04 2.21874233e-05 3.14396648e-06 5.72787036e-07 1.27543292e-07 3.35636449e-08 1.01910107e-08 3.50664849e-09 1.34833148e-09 5.72797873e-10 2.66307789e-10 1.34391668e-10 7.30734533e-11 4.25178876e-11 2.63017804e-11
 1.77958649e-01 3.58787599e-03 2.17008628e-04 2.18758694e-05 3.08731994e-06 5.60198841e-07 1.24237304e-07 3.25618547e-08 9.84699311e-09 3.37463550e-09 1.29236114e-09 5.46827048e-10 2.53227012e-10 1.27292599e-10 6.89503569e-11 3.99717303e-11 2.46403438e-11
 1.77600943e-01 3.56628399e-03 2.14836385e-04 2.15699178e-05 3.03191586e-06 5.47936292e-07 1.21029797e-07 3.15938154e-08 9.51590127e-09 3.24809184e-09 1.23892363e-09 5.22129483e-10 2.40835943e-10 1.20593381e-10 6.50737554e-11 3.75861562e-11 2.30888045e-11
 1.77245385e-01 3.54490770e-03 2.12694462e-04 2.12694459e-05 2.97772215e-06 5.35989709e-07 1.17917458e-07 3.06582614e-08 9.19720067e-09 3.12677048e-09 1.18789503e-09 4.98638165e-10 2.29095804e-10 1.14270150e-10 6.14281272e-11 3.53505591e-11 2.16395910e-11
 1.76891954e-01 3.52374411e-03 2.10582317e-04 2.09743341e-05 2.92470769e-06 5.24349735e-07 1.14897102e-07 2.97539793e-08 8.89038094e-09 3.01043646e-09 1.13915791e-09 4.76289842e-10 2.17970127e-10 1.08300541e-10 5.79989743e-11 3.32550621e-11 2.02856722e-11
 1.76540629e-01 3.50279026e-03 2.08499420e-04 2.06844661e-05 2.87284228e-06 5.13007325e-07 1.11965659e-07 2.88798055e-08 8.59495460e-09 2.89886623e-09 1.09260096e-09 4.55024803e-10 2.07424609e-10 1.02663591e-10 5.47727521e-11 3.12904663e-11 1.90205180e-11
 1.76191389e-01 3.48204327e-03 2.06445253e-04 2.03997283e-05 2.82209660e-06 5.01953738e-07 1.09120174e-07 2.80346241e-08 8.31045600e-09 2.79184712e-09 1.04811872e-09 4.34786660e-10 1.97426977e-10 9.73396488e-11 5.17368040e-11 2.94482024e-11 1.78380625e-11
 1.75844214e-01 3.46150027e-03 2.04419307e-04 2.01200104e-05 2.77244219e-06 4.91180520e-07 1.06357803e-07 2.72173649e-08 8.03644023e-09 2.68917667e-09 1.00561118e-09 4.15522159e-10 1.87946861e-10 9.23102834e-11 4.88793007e-11 2.77202855e-11 1.67326694e-11
 1.75499083e-01 3.44115848e-03 2.02421087e-04 1.98452044e-05 2.72385142e-06 4.80679498e-07 1.03675805e-07 2.64270008e-08 7.77248214e-09 2.59066222e-09 9.64983512e-10 3.97180992e-10 1.78955678e-10 8.75582099e-11 4.61891839e-11 2.60992747e-11 1.56991013e-11
 1.75155976e-01 3.42101515e-03 2.00450106e-04 1.95752055e-05 2.67629748e-06 4.70442768e-07 1.01071540e-07 2.56625467e-08 7.51817538e-09 2.49612031e-09 9.26145788e-10 3.79715624e-10 1.70426518e-10 8.30672125e-11 4.36561139e-11 2.45782338e-11 1.47324899e-11
 1.74814873e-01 3.40106757e-03 1.98505889e-04 1.93099113e-05 2.62975432e-06 4.60462684e-07 9.85424636e-08 2.49230570e-08 7.27313150e-09 2.40537625e-09 8.89012694e-10 3.63081134e-10 1.62334042e-10 7.88220752e-11 4.12704208e-11 2.31506960e-11 1.38283098e-11
 1.74475756e-01 3.38131309e-03 1.96587970e-04 1.90492218e-05 2.58419664e-06 4.50731851e-07 9.60861263e-08 2.42076241e-08 7.03697909e-09 2.31826365e-09 8.53503284e-10 3.47235057e-10 1.54654385e-10 7.48085179e-11 3.90230594e-11 2.18106314e-11 1.29823528e-11
 1.74138604e-01 3.36174911e-03 1.94695894e-04 1.87930399e-05 2.53959988e-06 4.41243113e-07 9.37001659e-08 2.35153767e-08 6.80936301e-09 2.23462403e-09 8.19540743e-10 3.32137247e-10 1.47365066e-10 7.10131350e-11 3.69055667e-11 2.05524155e-11 1.21907055e-11
 1.73803399e-01 3.34237307e-03 1.92829215e-04 1.85412706e-05 2.49594018e-06 4.31989547e-07 9.13823060e-08 2.28454783e-08 6.58994356e-09 2.15430638e-09 7.87052160e-10 3.17749740e-10 1.40444905e-10 6.74233401e-11 3.49100233e-11 1.93708016e-11 1.14497276e-11
 1.73470123e-01 3.32318244e-03 1.90987496e-04 1.82938214e-05 2.45319435e-06 4.22964455e-07 8.91303521e-08 2.21971256e-08 6.37839580e-09 2.07716678e-09 7.55968317e-10 3.04036627e-10 1.33873940e-10 6.40273130e-11 3.30290165e-11 1.82608941e-11 1.07560324e-11
 1.73138757e-01 3.30417475e-03 1.89170310e-04 1.80506020e-05 2.41133988e-06 4.14161351e-07 8.69421885e-08 2.15695471e-08 6.17440885e-09 2.00306808e-09 7.26223489e-10 2.90963940e-10 1.27633355e-10 6.08139507e-11 3.12556069e-11 1.72181243e-11 1.01064685e-11
 1.72809282e-01 3.28534757e-03 1.87377238e-04 1.78115244e-05 2.37035489e-06 4.05573959e-07 8.48157750e-08 2.09620017e-08 5.97768519e-09 1.93187953e-09 6.97755255e-10 2.78499536e-10 1.21705410e-10 5.77728221e-11 2.95832962e-11 1.62382274e-11 9.49810271e-12
 1.72481681e-01 3.26669851e-03 1.85607870e-04 1.75765028e-05 2.33021811e-06 3.97196203e-07 8.27491441e-08 2.03737774e-08 5.78794010e-09 1.86347646e-09 6.70504321e-10 2.66612995e-10 1.16073377e-10 5.48941248e-11 2.80059987e-11 1.53172217e-11 8.92820461e-12
 1.72155937e-01 3.24822522e-03 1.83861805e-04 1.73454532e-05 2.29090886e-06 3.89022201e-07 8.07403983e-08 1.98041902e-08 5.60490102e-09 1.79773997e-09 6.44414355e-10 2.55275524e-10 1.10721478e-10 5.21686457e-11 2.65180131e-11 1.44513891e-11 8.39423198e-12
 1.71832031e-01 3.22992539e-03 1.82138650e-04 1.71182941e-05 2.25240706e-06 3.81046255e-07 7.87877068e-08 1.92525824e-08 5.42830700e-09 1.73455668e-09 6.19431825e-10 2.44459859e-10 1.05634830e-10 4.95877236e-11 2.51139977e-11 1.36372569e-11 7.89381736e-12
 1.71509946e-01 3.21179674e-03 1.80438019e-04 1.68949456e-05 2.21469319e-06 3.73262850e-07 7.68893036e-08 1.87183223e-08 5.25790819e-09 1.67381839e-09 5.95505852e-10 2.34140185e-10 1.00799387e-10 4.71432144e-11 2.37889467e-11 1.28715807e-11 7.42475558e-12
 1.71189666e-01 3.19383705e-03 1.78759536e-04 1.66753298e-05 2.17774825e-06 3.65666642e-07 7.50434844e-08 1.82008023e-08 5.09346527e-09 1.61542190e-09 5.72588071e-10 2.24292051e-10 9.62018953e-11 4.48274588e-11 2.25381677e-11 1.21513293e-11 6.98499230e-12
 1.70871173e-01 3.17604411e-03 1.77102831e-04 1.64593709e-05 2.14155379e-06 3.58252455e-07 7.32486046e-08 1.76994383e-08 4.93474903e-09 1.55926871e-09 5.50632497e-10 2.14892292e-10 9.18298438e-11 4.26332521e-11 2.13572613e-11 1.14736696e-11 6.57261328e-12
 1.70554451e-01 3.15841577e-03 1.75467542e-04 1.62469946e-05 2.10609186e-06 3.51015276e-07 7.15030769e-08 1.72136689e-08 4.78153989e-09 1.50526479e-09 5.29595400e-10 2.05918962e-10 8.76714197e-11 4.05538153e-11 2.02421025e-11 1.08359534e-11 6.18583449e-12
 1.70239484e-01 3.14094990e-03 1.73853315e-04 1.60381287e-05 2.07134500e-06 3.43950246e-07 6.98053690e-08 1.67429538e-08 4.63362743e-09 1.45332040e-09 5.09435185e-10 1.97351260e-10 8.37154682e-11 3.85827692e-11 1.91888219e-11 1.02357049e-11 5.82299292e-12
 1.69926256e-01 3.12364441e-03 1.72259802e-04 1.58327024e-05 2.03729623e-06 3.37052657e-07 6.81540017e-08 1.62867736e-08 4.49081002e-09 1.40334985e-09 4.90112285e-10 1.89169471e-10 7.99514534e-11 3.67141095e-11 1.81937899e-11 9.67060874e-12 5.48253810e-12
 1.69614750e-01 3.10649726e-03 1.70686662e-04 1.56306467e-05 2.00392904e-06 3.30317948e-07 6.65475465e-08 1.58446284e-08 4.35289440e-09 1.35527129e-09 4.71589051e-10 1.81354904e-10 7.63694222e-11 3.49421834e-11 1.72536008e-11 9.13849937e-12 5.16302415e-12
 1.69304951e-01 3.08950641e-03 1.69133563e-04 1.54318944e-05 1.97122736e-06 3.23741697e-07 6.49846242e-08 1.54160375e-08 4.21969530e-09 1.30900658e-09 4.53829655e-10 1.73889835e-10 7.29599700e-11 3.32616680e-11 1.63650582e-11 8.63735093e-12 4.86310252e-12
 1.68996844e-01 3.07266989e-03 1.67600176e-04 1.52363796e-05 1.93917556e-06 3.17319617e-07 6.34639026e-08 1.50005381e-08 4.09103511e-09 1.26448104e-09 4.36799996e-10 1.66757454e-10 6.97142090e-11 3.16675504e-11 1.55251619e-11 8.16526782e-12 4.58151516e-12
 1.68690412e-01 3.05598573e-03 1.66086181e-04 1.50440381e-05 1.90775844e-06 3.11047553e-07 6.19840951e-08 1.45976849e-08 3.96674351e-09 1.22162334e-09 4.20467607e-10 1.59941817e-10 6.66237377e-11 3.01551082e-11 1.47310950e-11 7.72047598e-12 4.31708821e-12
 1.68385642e-01 3.03945202e-03 1.64591264e-04 1.48548072e-05 1.87696119e-06 3.04921475e-07 6.05439584e-08 1.42070492e-08 3.84665713e-09 1.18036530e-09 4.04801579e-10 1.53427795e-10 6.36806134e-11 2.87198921e-11 1.39802124e-11 7.30131476e-12 4.06872619e-12
 1.68082517e-01 3.02306685e-03 1.63115118e-04 1.46686257e-05 1.84676941e-06 2.98937479e-07 5.91422917e-08 1.38282185e-08 3.73061930e-09 1.14064179e-09 3.89772474e-10 1.47201033e-10 6.08773251e-11 2.73577092e-11 1.32700296e-11 6.90622940e-12 3.83540653e-12
 1.67781023e-01 3.00682838e-03 1.61657440e-04 1.44854336e-05 1.81716908e-06 2.93091774e-07 5.77779345e-08 1.34607954e-08 3.61847970e-09 1.10239052e-09 3.75352252e-10 1.41247906e-10 5.82067691e-11 2.60646075e-11 1.25982127e-11 6.53376394e-12 3.61617454e-12
 1.67481146e-01 2.99073476e-03 1.60217933e-04 1.43051726e-05 1.78814656e-06 2.87380686e-07 5.64497652e-08 1.31043974e-08 3.51009411e-09 1.06555194e-09 3.61514203e-10 1.35555480e-10 5.56622254e-11 2.48368611e-11 1.19625684e-11 6.18255468e-12 3.41013876e-12
 1.67182872e-01 2.97478419e-03 1.58796309e-04 1.41277855e-05 1.75968858e-06 2.81800650e-07 5.51566998e-08 1.27586561e-08 3.40532412e-09 1.03006912e-09 3.48232876e-10 1.30111473e-10 5.32373357e-11 2.36709569e-11 1.13610358e-11 5.85132413e-12 3.21646657e-12
 1.66886185e-01 2.95897491e-03 1.57392282e-04 1.39532165e-05 1.73178218e-06 2.76348210e-07 5.38976906e-08 1.24232165e-08 3.30403691e-09 9.95887613e-10 3.35484017e-10 1.24904225e-10 5.09260833e-11 2.25635816e-11 1.07916776e-11 5.53887523e-12 3.03438018e-12
 1.66591072e-01 2.94330516e-03 1.56005574e-04 1.37814111e-05 1.70441479e-06 2.71020011e-07 5.26717245e-08 1.20977369e-08 3.20610496e-09 9.62955338e-10 3.23244509e-10 1.19922659e-10 4.87227728e-11 2.15116097e-11 1.02526722e-11 5.24408617e-12 2.86315286e-12
 1.66297519e-01 2.92777323e-03 1.54635910e-04 1.36123160e-05 1.67757415e-06 2.65812797e-07 5.14778222e-08 1.17818878e-08 3.11140586e-09 9.31222469e-10 3.11492314e-10 1.15156252e-10 4.66220130e-11 2.05120926e-11 9.74230684e-12 4.96590538e-12 2.70210549e-12
 1.66005513e-01 2.91237742e-03 1.53283022e-04 1.34458791e-05 1.65124831e-06 2.60723409e-07 5.03150365e-08 1.14753519e-08 3.01982208e-09 9.00641333e-10 3.00206420e-10 1.10595008e-10 4.46186988e-11 1.95622475e-11 9.25897046e-12 4.70334695e-12 2.55060327e-12
 1.65715039e-01 2.89711607e-03 1.51946647e-04 1.32820496e-05 1.62542564e-06 2.55748783e-07 4.91824516e-08 1.11778233e-08 2.93124073e-09 8.71166310e-10 2.89366791e-10 1.06229426e-10 4.27079955e-11 1.86594481e-11 8.80114758e-12 4.45548638e-12 2.40805274e-12
 1.65426085e-01 2.88198755e-03 1.50626527e-04 1.31207776e-05 1.60009482e-06 2.50885942e-07 4.80791815e-08 1.08890072e-08 2.84555340e-09 8.42753737e-10 2.78954315e-10 1.02050475e-10 4.08853238e-11 1.78012151e-11 8.36741222e-12 4.22145655e-12 2.27389900e-12
 1.65138637e-01 2.86699023e-03 1.49322408e-04 1.29620146e-05 1.57524482e-06 2.46131998e-07 4.70043692e-08 1.06086196e-08 2.76265596e-09 8.15361817e-10 2.68950762e-10 9.80495716e-11 3.91463451e-11 1.69852076e-11 7.95642242e-12 4.00044402e-12 2.14762307e-12
 1.64852683e-01 2.85212254e-03 1.48034042e-04 1.28057130e-05 1.55086489e-06 2.41484147e-07 4.59571857e-08 1.03363864e-08 2.68244835e-09 7.88950535e-10 2.59338738e-10 9.42185535e-11 3.74869486e-11 1.62092147e-11 7.56691500e-12 3.79168556e-12 2.02873947e-12
 1.64568209e-01 2.83738291e-03 1.46761185e-04 1.26518263e-05 1.52694455e-06 2.36939667e-07 4.49368289e-08 1.00720435e-08 2.60483445e-09 7.63481573e-10 2.50101647e-10 9.05496592e-11 3.59032381e-11 1.54711482e-11 7.19770076e-12 3.59446489e-12 1.91679400e-12
 1.64285202e-01 2.82276979e-03 1.45503598e-04 1.25003091e-05 1.50347360e-06 2.32495913e-07 4.39425225e-08 9.81533613e-09 2.52972185e-09 7.38918236e-10 2.41223649e-10 8.70355064e-11 3.43915206e-11 1.47690355e-11 6.84765989e-12 3.40810969e-12 1.81136162e-12
 1.64003650e-01 2.80828169e-03 1.44261046e-04 1.23511169e-05 1.48044209e-06 2.28150319e-07 4.29735154e-08 9.56601869e-09 2.45702178e-09 7.15225378e-10 2.32689622e-10 8.36690723e-11 3.29482948e-11 1.41010123e-11 6.51573773e-12 3.23198875e-12 1.71204451e-12
 1.63723542e-01 2.79391709e-03 1.43033298e-04 1.22042063e-05 1.45784034e-06 2.23900391e-07 4.20290804e-08 9.32385421e-09 2.38664889e-09 6.92369328e-10 2.24485133e-10 8.04436752e-11 3.15702406e-11 1.34653171e-11 6.20094079e-12 3.06550938e-12 1.61847025e-12
 1.63444863e-01 2.77967454e-03 1.41820130e-04 1.20595348e-05 1.43565891e-06 2.19743707e-07 4.11085137e-08 9.08861408e-09 2.31852110e-09 6.70317827e-10 2.16596398e-10 7.73529569e-11 3.02542094e-11 1.28602846e-11 5.90233306e-12 2.90811492e-12 1.53029014e-12
 1.63167603e-01 2.76555259e-03 1.40621318e-04 1.19170608e-05 1.41388857e-06 2.15677915e-07 4.02111341e-08 8.86007778e-09 2.25255953e-09 6.49039963e-10 2.09010255e-10 7.43908657e-11 2.89972142e-11 1.22843403e-11 5.61903244e-12 2.75928246e-12 1.44717762e-12
 1.62891749e-01 2.75154981e-03 1.39436646e-04 1.17767437e-05 1.39252037e-06 2.11700729e-07 3.93362818e-08 8.63803250e-09 2.18868831e-09 6.28506109e-10 2.01714130e-10 7.15516408e-11 2.77964214e-11 1.17359956e-11 5.35020758e-12 2.61852069e-12 1.36882680e-12
 1.62617289e-01 2.73766479e-03 1.38265899e-04 1.16385437e-05 1.37154555e-06 2.07809929e-07 3.84833181e-08 8.42227288e-09 2.12683446e-09 6.08687870e-10 1.94696014e-10 6.88297977e-11 2.66491421e-11 1.12138425e-11 5.09507470e-12 2.48536795e-12 1.29495110e-12
 1.62344212e-01 2.72389617e-03 1.37108868e-04 1.15024218e-05 1.35095558e-06 2.04003357e-07 3.76516243e-08 8.21260071e-09 2.06692779e-09 5.89558023e-10 1.87944432e-10 6.62201138e-11 2.55528243e-11 1.07165490e-11 4.85289485e-12 2.35939027e-12 1.22528201e-12
 1.62072506e-01 2.71024257e-03 1.35965346e-04 1.13683400e-05 1.33074214e-06 2.00278915e-07 3.68406014e-08 8.00882467e-09 2.00890078e-09 5.71090466e-10 1.81448419e-10 6.37176150e-11 2.45050457e-11 1.02428550e-11 4.62297110e-12 2.24017973e-12 1.15956785e-12
 1.61802159e-01 2.69670266e-03 1.34835133e-04 1.12362611e-05 1.31089712e-06 1.96634567e-07 3.60496690e-08 7.81076006e-09 1.95268846e-09 5.53260170e-10 1.75197494e-10 6.13175635e-11 2.35035065e-11 9.79156817e-12 4.40464614e-12 2.12735275e-12 1.09757270e-12
